{"default_fov": 51.46, "default_transition_sec": 5.0, "keyframes": [{"matrix": [0.0296486833717875, -0.4767081025728132, 0.8785615177753618, 0.5363837204553904, 0.9995603811547951, 0.014139983797295197, -0.026059648575772087, -0.016804721821195332, -5.551115123125783e-17, 0.8789479198448793, 0.4769177646097488, 0.03851643238861671, 0.0, 0.0, 0.0, 1.0], "fov": 51.46, "aspect": 1.7777777777777777, "override_transition_enabled": false, "override_transition_sec": null}, {"matrix": [0.9792724650375719, -0.0965984414301218, 0.17802859414293157, -0.015970303386075437, 0.20254737524647737, 0.46703243496959684, -0.8607294961061415, -0.6749226108020229, -1.1102230246251565e-16, 0.8789479198448796, 0.4769177646097484, 0.038516432388616864, 0.0, 0.0, 0.0, 1.0], "fov": 51.46, "aspect": 1.7777777777777777, "override_transition_enabled": false, "override_transition_sec": null}, {"matrix": [0.5372400478672663, 0.4022464578859842, -0.7413305052982488, -0.7408637106773099, -0.8434293870666221, 0.2562193226876909, -0.4722060225302973, -0.3685808290714571, -1.6653345369377348e-16, 0.8789479198448793, 0.4769177646097488, 0.038516432388617065, 0.0, 0.0, 0.0, 1.0], "fov": 51.46, "aspect": 1.7777777777777777, "override_transition_enabled": false, "override_transition_sec": null}, {"matrix": [-0.8141051482250214, 0.2769544890244363, -0.5104204332143548, -0.5587964542238727, -0.5807174938242486, -0.38826120744876513, 0.7155560265673897, 0.5679421023325913, 2.220446049250313e-16, 0.8789479198448795, 0.4769177646097486, 0.03851643238861702, 0.0, 0.0, 0.0, 1.0], "fov": 51.46, "aspect": 1.7777777777777777, "override_transition_enabled": false, "override_transition_sec": null}, {"matrix": [-0.8821393925111167, -0.224622744629044, 0.41397429240888095, 0.17006742795924412, 0.47098842043103184, -0.42070794715060367, 0.7753545840608714, 0.6150918832167952, 2.220446049250313e-16, 0.8789479198448794, 0.4769177646097486, 0.0385164323886169, 0.0, 0.0, 0.0, 1.0], "fov": 51.46, "aspect": 1.7777777777777777, "override_transition_enabled": false, "override_transition_sec": null}], "camera_type": "perspective", "render_height": 1080.0, "render_width": 1920.0, "fps": 30.0, "seconds": 25.0, "is_cycle": true, "smoothness_value": 0.0, "camera_path": [{"camera_to_world": [0.0296486833717875, -0.4767081025728132, 0.8785615177753618, 0.5363837204553904, 0.9995603811547951, 0.014139983797295197, -0.026059648575772087, -0.016804721821195332, -5.551115123125783e-17, 0.8789479198448793, 0.4769177646097488, 0.03851643238861671, 0.0, 0.0, 0.0, 1.0], "fov": 51.46000000000001, "aspect": 1.7777777777777777}, {"camera_to_world": [0.0378143441500548, -0.47657666440173113, 0.8783192804010516, 0.5357267096388392, 0.9992847819197996, 0.018034332482227744, -0.03323683913098918, -0.021127221194566934, 0.0, 0.8789479198448793, 0.47691776460974866, 0.03851643238861671, 0.0, 0.0, 0.0, 1.0], "fov": 51.46000000000001, "aspect": 1.7777777777777777}, {"camera_to_world": [0.046003086848540375, -0.47641285061573074, 0.8780173755505065, 0.5349963708831516, 0.9989412975747902, 0.02193968934495405, -0.0404343174919678, -0.025494035617694265, -5.551115123125783e-17, 0.8789479198448793, 0.47691776460974855, 0.03851643238861671, 0.0, 0.0, 0.0, 1.0], "fov": 51.46000000000001, "aspect": 1.7777777777777777}, {"camera_to_world": [0.054214018345634774, -0.4762163801029285, 0.8776552851413146, 0.5341933674158237, 0.998529338685058, 0.02585562843991207, -0.047651298651327834, -0.02990428448528431, -1.1102230246251565e-16, 0.8789479198448793, 0.47691776460974866, 0.03851643238861671, 0.0, 0.0, 0.0, 1.0], "fov": 51.46000000000001, "aspect": 1.7777777777777777}, {"camera_to_world": [0.0624462358956529, -0.4759869781831925, 0.8772325029446286, 0.5333183624643512, 0.9980483293019757, 0.02978171923164763, -0.05488698914262696, -0.034357087192044035, 0.0, 0.8789479198448795, 0.47691776460974855, 0.03851643238861671, 0.0, 0.0, 0.0, 1.0], "fov": 51.46000000000001, "aspect": 1.7777777777777777}, {"camera_to_world": [0.0706988273134379, -0.4757243767085627, 0.8767485347702351, 0.5323720192562299, 0.9974977071735577, 0.03371752668285566, -0.06214058720261845, -0.038851563132680414, -1.6653345369377348e-16, 0.8789479198448793, 0.4769177646097488, 0.03851643238861671, 0.0, 0.0, 0.0, 1.0], "fov": 51.46000000000001, "aspect": 1.7777777777777777}, {"camera_to_world": [0.07897087116420287, -0.4754283141621264, 0.8762028986487809, 0.531355001018956, 0.9968769239517822, 0.037662611344915775, -0.06941128293811438, -0.04338683170190042, 1.6653345369377348e-16, 0.8789479198448795, 0.47691776460974844, 0.03851643238861671, 0.0, 0.0, 0.0, 1.0], "fov": 51.46000000000001, "aspect": 1.7777777777777777}, {"camera_to_world": [0.08726143695855504, -0.47509853575529065, 0.8755951250110448, 0.5302679709800253, 0.9961854453965528, 0.041616529450908435, -0.0766982584973972, -0.04796201229441103, 5.551115123125783e-17, 0.8789479198448795, 0.47691776460974844, 0.03851643238861671, 0.0, 0.0, 0.0, 1.0], "fov": 51.46000000000001, "aspect": 1.7777777777777777}, {"camera_to_world": [0.09556958535261473, -0.4747347935234052, 0.8749247568641655, 0.5291115923669336, 0.995422751576198, 0.04557883301104959, -0.08400068824611845, -0.052576224304919206, 0.0, 0.8789479198448795, 0.4769177646097484, 0.03851643238861671, 0.0, 0.0, 0.0, 1.0], "fov": 51.46000000000001, "aspect": 1.7777777777777777}, {"camera_to_world": [0.10389436835319432, -0.4743368464196718, 0.8741913499647153, 0.5278865284071769, 0.9945883370643809, 0.049549069910547194, -0.09131773894763784, -0.05722858712813193, 1.1102230246251565e-16, 0.8789479198448792, 0.47691776460974866, 0.03851643238861671, 0.0, 0.0, 0.0, 1.0], "fov": 51.46000000000001, "aspect": 1.7777777777777777}, {"camera_to_world": [0.11223482952793506, -0.47390446040729123, 0.8733944729885286, 0.526593442328251, 0.9936817111333163, 0.05352678400981903, -0.0986485699477232, -0.06191822015875621, -5.551115123125783e-17, 0.8789479198448794, 0.47691776460974855, 0.03851643238861671, 0.0, 0.0, 0.0, 1.0], "fov": 51.46000000000001, "aspect": 1.7777777777777777}, {"camera_to_world": [0.12059000422034949, -0.4734374085497977, 0.8725337076971802, 0.5252329973576518, 0.9927023979431784, 0.057511515247049116, -0.10599233336356151, -0.06664424279149896, 5.551115123125783e-17, 0.8789479198448794, 0.47691776460974855, 0.03851643238861671, 0.0, 0.0, 0.0, 1.0], "fov": 51.46000000000001, "aspect": 1.7777777777777777}, {"camera_to_world": [0.12895891976968532, -0.4729354710995215, 0.8716086491010226, 0.5238058567228754, 0.9916499367275913, 0.06150279974304651, -0.1133481742770075, -0.0714057744210672, -2.7755575615628914e-16, 0.8789479198448793, 0.47691776460974866, 0.03851643238861671, 0.0, 0.0, 0.0, 1.0], "fov": 51.46000000000001, "aspect": 1.7777777777777777}, {"camera_to_world": [0.1373405957355277, -0.47239843558413247, 0.8706189056186838, 0.5223126836514175, 0.9905238819750943, 0.06550016990835916, -0.12071523093199854, -0.07620193444216787, -1.1102230246251565e-16, 0.8789479198448793, 0.47691776460974866, 0.03851643238861671, 0.0, 0.0, 0.0, 1.0], "fov": 51.46000000000001, "aspect": 1.7777777777777777}, {"camera_to_world": [0.1457340441270698, -0.4718260968912104, 0.869564099232929, 0.5207541413707741, 0.9893238036064678, 0.06950315455262068, -0.1280926349360697, -0.08103184224950798, -5.551115123125783e-17, 0.8789479198448792, 0.47691776460974855, 0.03851643238861671, 0.0, 0.0, 0.0, 1.0], "fov": 51.46000000000001, "aspect": 1.7777777777777777}, {"camera_to_world": [0.1541382696369542, -0.47121825735079625, 0.8684438656427969, 0.5191308931084411, 0.9880492871478251, 0.0735112789960709, -0.13547951146588982, -0.08589461723779446, 0.0, 0.8789479198448793, 0.47691776460974855, 0.03851643238861671, 0.0, 0.0, 0.0, 1.0], "fov": 51.46000000000001, "aspect": 1.7777777777777777}, {"camera_to_world": [0.16255226987960636, -0.470574726815866, 0.8672578544119163, 0.5174436020919142, 0.986699933899353, 0.07752406518322241, -0.14287497947674355, -0.09078937880173434, 0.0, 0.8789479198448794, 0.4769177646097485, 0.03851643238861671, 0.0, 0.0, 0.0, 1.0], "fov": 51.46000000000001, "aspect": 1.7777777777777777}, {"camera_to_world": [0.1709750356339681, -0.4698953227406878, 0.8660057291129131, 0.5156929315486896, 0.9852753610996082, 0.08154103179862426, -0.15027815191588034, -0.09571524633603454, -1.1102230246251565e-16, 0.8789479198448794, 0.47691776460974844, 0.03851643238861671, 0.0, 0.0, 0.0, 1.0], "fov": 51.46000000000001, "aspect": 1.7777777777777777}, {"camera_to_world": [0.1794055510905338, -0.4691798702570076, 0.8646871674678187, 0.5138795447062631, 0.9837752020852639, 0.08556169438467753, -0.1576881359396488, -0.10067133923540203, -1.6653345369377348e-16, 0.8789479198448794, 0.4769177646097485, 0.03851643238861671, 0.0, 0.0, 0.0, 1.0], "fov": 51.46000000000001, "aspect": 1.7777777777777777}, {"camera_to_world": [0.18784279410260396, -0.46842820224801723, 0.8633018614843926, 0.5120041047921304, 0.9821991064462066, 0.08958556546146335, -0.16510403313433358, -0.10565677689454386, -2.220446049250313e-16, 0.8789479198448793, 0.47691776460974855, 0.03851643238861671, 0.0, 0.0, 0.0, 1.0], "fov": 51.46000000000001, "aspect": 1.7777777777777777}, {"camera_to_world": [0.1962857364416487, -0.4676401594200604, 0.8618495175882739, 0.5100672750337877, 0.9805467401758878, 0.09361215464852946, -0.17252493974060734, -0.11067067870816696, -2.220446049250313e-16, 0.8789479198448794, 0.4769177646097486, 0.03851643238861672, 0.0, 0.0, 0.0, 1.0], "fov": 51.46000000000001, "aspect": 1.7777777777777777}, {"camera_to_world": [0.20473334405668564, -0.4668155903720275, 0.8603298567508757, 0.5080697186587306, 0.9788177858168328, 0.09764096878859296, -0.1799499468815099, -0.11571216407097826, 0.0, 0.8789479198448794, 0.47691776460974855, 0.03851643238861672, 0.0, 0.0, 0.0, 1.0], "fov": 51.46000000000001, "aspect": 1.7777777777777777}, {"camera_to_world": [0.21318457733756768, -0.46595435166240023, 0.8587426146129439, 0.5060120988944553, 0.9770119426012165, 0.10167151207310687, -0.18737814079386494, -0.12078035237768478, -1.1102230246251565e-16, 0.8789479198448794, 0.47691776460974855, 0.03851643238861672, 0.0, 0.0, 0.0, 1.0], "fov": 51.46000000000001, "aspect": 1.7777777777777777}, {"camera_to_world": [0.22163839138207886, -0.46505630787389446, 0.8570875416036952, 0.5038950789684576, 0.97512892658641, 0.10570328616964153, -0.19480860306304343, -0.12587436302299349, 1.1102230246251565e-16, 0.8789479198448793, 0.47691776460974866, 0.03851643238861672, 0.0, 0.0, 0.0, 1.0], "fov": 51.46000000000001, "aspect": 1.7777777777777777}, {"camera_to_world": [0.2300937362667248, -0.46412133167566655, 0.8553644030554608, 0.5017193221082332, 0.9731684707854129, 0.1097357903510312, -0.2022404108609741, -0.13099331540161138, 2.220446049250313e-16, 0.8789479198448793, 0.4769177646097486, 0.03851643238861672, 0.0, 0.0, 0.0, 1.0], "fov": 51.46000000000001, "aspect": 1.7777777777777777}, {"camera_to_world": [0.23854955732111305, -0.4631493038830366, 0.8535729793137548, 0.4994854915412784, 0.97113032529208, 0.11376852162623019, -0.20967263718730927, -0.1361363289082454, 1.1102230246251565e-16, 0.8789479198448795, 0.47691776460974844, 0.03851643238861672, 0.0, 0.0, 0.0, 1.0], "fov": 51.46000000000001, "aspect": 1.7777777777777777}, {"camera_to_world": [0.24700479540580889, -0.46214011351469075, 0.8517130658426952, 0.4971942504950887, 0.9690142574010636, 0.11780097487282659, -0.21710435111364595, -0.1413025229376025, 5.551115123125783e-17, 0.8789479198448795, 0.47691776460974855, 0.03851643238861672, 0.0, 0.0, 0.0, 1.0], "fov": 51.46000000000001, "aspect": 1.7777777777777777}, {"camera_to_world": [0.2554583871935514, -0.46109365784732, 0.8497844733257065, 0.49484626219716016, 0.9668200517223822, 0.12183264297116014, -0.22453461803069974, -0.1464910168843897, -5.551115123125783e-17, 0.8789479198448793, 0.47691776460974855, 0.03851643238861672, 0.0, 0.0, 0.0, 1.0], "fov": 51.46000000000001, "aspect": 1.7777777777777777}, {"camera_to_world": [0.2639092654537142, -0.4600098424676631, 0.8477870277614282, 0.4924421898749888, 0.9645475102905408, 0.12586301693998603, -0.23196249989833223, -0.151700930143314, 1.1102230246251565e-16, 0.8789479198448793, 0.4769177646097485, 0.03851643238861672, 0.0, 0.0, 0.0, 1.0], "fov": 51.46000000000001, "aspect": 1.7777777777777777}, {"camera_to_world": [0.2723563593398941, -0.45888858132191074, 0.8457205705547681, 0.48998269675607026, 0.9621964526681224, 0.12989158607363183, -0.23938705549832434, -0.15693138210908225, -1.1102230246251565e-16, 0.8789479198448793, 0.47691776460974866, 0.03851643238861672, 0.0, 0.0, 0.0, 1.0], "fov": 51.46000000000001, "aspect": 1.7777777777777777}, {"camera_to_world": [0.2807985946805007, -0.45772979676243736, 0.8435849586030287, 0.48746844606790074, 0.9597667160437768, 0.13391783808058322, -0.2468073406897917, -0.16218149217640157, 0.0, 0.8789479198448795, 0.4769177646097485, 0.038516432388616725, 0.0, 0.0, 0.0, 1.0], "fov": 51.46000000000001, "aspect": 1.7777777777777777}, {"camera_to_world": [0.28923489427223315, -0.4565334195918285, 0.8413800643770457, 0.4849001010379759, 0.9572581553245343, 0.13794125922345057, -0.25422240866713286, -0.16745037973997884, -5.551115123125783e-17, 0.8789479198448792, 0.4769177646097489, 0.038516432388616725, 0.0, 0.0, 0.0, 1.0], "fov": 51.46000000000001, "aspect": 1.7777777777777777}, {"camera_to_world": [0.2976641781763085, -0.45529938910416595, 0.8391057759972794, 0.4822783248937917, 0.954670643222375, 0.14196133446024295, -0.26163131022040204, -0.17273716419452106, 0.0, 0.8789479198448795, 0.47691776460974855, 0.038516432388616725, 0.0, 0.0, 0.0, 1.0], "fov": 51.46000000000001, "aspect": 1.7777777777777777}, {"camera_to_world": [0.3060853640173262, -0.45402765312354354, 0.8367619973047942, 0.47960378086284405, 0.952004070334986, 0.1459775475869043, -0.26903309399799175, -0.1780409649347352, 1.6653345369377348e-16, 0.8789479198448795, 0.47691776460974866, 0.038516432388616725, 0.0, 0.0, 0.0, 1.0], "fov": 51.46000000000001, "aspect": 1.7777777777777777}, {"camera_to_world": [0.3144973672846314, -0.4527181680397786, 0.8343486479270774, 0.47687713217262895, 0.9492583452206441, 0.14998938138103768, -0.27642680677151754, -0.1833609013553283, -5.551115123125783e-17, 0.8789479198448792, 0.4769177646097488, 0.038516432388616725, 0.0, 0.0, 0.0, 1.0], "fov": 51.46000000000001, "aspect": 1.7777777777777777}, {"camera_to_world": [0.3228991016360516, -0.4513708988412942, 0.8318656633386383, 0.4740990420506422, 0.9464333944671598, 0.15399631774676203, -0.2838114937027877, -0.18869609285100725, -1.6653345369377348e-16, 0.8789479198448792, 0.4769177646097487, 0.038516432388616725, 0.0, 0.0, 0.0, 1.0], "fov": 51.46000000000001, "aspect": 1.7777777777777777}, {"camera_to_world": [0.33128947920387336, -0.44998581914514035, 0.8293129949163366, 0.4712701737243797, 0.943529162754828, 0.15799783786063898, -0.29118619861273803, -0.19404565881647898, 0.0, 0.8789479198448795, 0.47691776460974866, 0.038516432388616725, 0.0, 0.0, 0.0, 1.0], "fov": 51.46000000000001, "aspect": 1.7777777777777777}, {"camera_to_world": [0.339667410902929, -0.44856291122412867, 0.8266906099893934, 0.46839119042133737, 0.9405456129133243, 0.16199342231860586, -0.29854996425222535, -0.19940871864645063, -5.551115123125783e-17, 0.8789479198448793, 0.4769177646097487, 0.038516432388616725, 0.0, 0.0, 0.0, 1.0], "fov": 51.46000000000001, "aspect": 1.7777777777777777}, {"camera_to_world": [0.34803180674064765, -0.4471021660310613, 0.8239984918840411, 0.46546275536901105, 0.937482725972506, 0.1659825512838417, -0.30590183257454745, -0.20478439173562904, 0.0, 0.8789479198448793, 0.4769177646097488, 0.038516432388616725, 0.0, 0.0, 0.0, 1.0], "fov": 51.46000000000001, "aspect": 1.7777777777777777}, {"camera_to_world": [0.3563815761289513, -0.44560358322001925, 0.82123663996276, 0.46248553179489676, 0.9343405012070517, 0.1699647046355181, -0.3132408450095813, -0.21017179747872122, 3.3306690738754696e-16, 0.8789479198448793, 0.47691776460974855, 0.038516432388616725, 0.0, 0.0, 0.0, 1.0], "fov": 51.46000000000001, "aspect": 1.7777777777777777}, {"camera_to_world": [0.36471562819784253, -0.4440671711647004, 0.8184050696580721, 0.4594601829264904, 0.9311189561749096, 0.17393936211835492, -0.3205660427394125, -0.21557005527043413, 3.3306690738754696e-16, 0.8789479198448795, 0.47691776460974844, 0.038516432388616725, 0.0, 0.0, 0.0, 1.0], "fov": 51.46000000000001, "aspect": 1.7777777777777777}, {"camera_to_world": [0.3730328721105523, -0.4424929469737761, 0.8155038125008462, 0.4563873719912877, 0.9278181267495005, 0.1779060034929189, -0.32787646697533085, -0.2209782845054748, -5.551115123125783e-17, 0.8789479198448793, 0.47691776460974855, 0.038516432388616725, 0.0, 0.0, 0.0, 1.0], "fov": 51.46000000000001, "aspect": 1.7777777777777777}, {"camera_to_world": [0.38133221738010775, -0.4408809365032563, 0.8125329161430828, 0.4532677622167848, 0.9244380671456419, 0.1818641086865997, -0.3351711592360811, -0.2263956045785501, 1.1102230246251565e-16, 0.8789479198448793, 0.4769177646097488, 0.038516432388616725, 0.0, 0.0, 0.0, 1.0], "fov": 51.46000000000001, "aspect": 1.7777777777777777}, {"camera_to_world": [0.38961257418717676, -0.4392311743658372, 0.8094924443751464, 0.45010201683047735, 0.9209788499391514, 0.18581315794519782, -0.342449161627228, -0.23182113488436712, 2.220446049250313e-16, 0.8789479198448795, 0.4769177646097484, 0.038516432388616725, 0.0, 0.0, 0.0, 1.0], "fov": 51.46000000000001, "aspect": 1.7777777777777777}, {"camera_to_world": [0.39787285369904696, -0.4375437039372244, 0.8063824771374137, 0.44689079905986134, 0.9174405660801014, 0.18975263198505082, -0.34970951712152354, -0.23725399481763274, 2.7755575615628914e-16, 0.8789479198448794, 0.47691776460974866, 0.038516432388616725, 0.0, 0.0, 0.0, 1.0], "fov": 51.46000000000001, "aspect": 1.7777777777777777}, {"camera_to_world": [0.4061119683895958, -0.4358185773594091, 0.8032031105263155, 0.4436347721324328, 0.913823324899692, 0.1936820121456308, -0.35695126984014464, -0.242693303773054, 5.551115123125783e-17, 0.8789479198448793, 0.47691776460974855, 0.03851643238861673, 0.0, 0.0, 0.0, 1.0], "fov": 51.46000000000001, "aspect": 1.7777777777777777}, {"camera_to_world": [0.4143288323601092, -0.4340558555408904, 0.7999544567947442, 0.4403345992756876, 0.9101272541107142, 0.19760078054255048, -0.3641734653346758, -0.2481381811453378, 0.0, 0.8789479198448795, 0.47691776460974844, 0.03851643238861673, 0.0, 0.0, 0.0, 1.0], "fov": 51.46000000000001, "aspect": 1.7777777777777777}, {"camera_to_world": [0.42252236166079987, -0.43225560815382924, 0.7966366443468087, 0.4369909437171214, 0.906352499801584, 0.20150842022090026, -0.37137515086970607, -0.25358774632919123, 5.551115123125783e-17, 0.8789479198448795, 0.47691776460974855, 0.03851643238861673, 0.0, 0.0, 0.0, 1.0], "fov": 51.46000000000001, "aspect": 1.7777777777777777}, {"camera_to_world": [0.430691474612886, -0.43041791362812437, 0.7932498177269192, 0.4336044686842303, 0.9024992264239222, 0.20540441530885362, -0.37855537570592, -0.25904111871932123, 1.6653345369377348e-16, 0.8789479198448794, 0.47691776460974844, 0.03851643238861673, 0.0, 0.0, 0.0, 1.0], "fov": 51.46000000000001, "aspect": 1.7777777777777777}, {"camera_to_world": [0.43883509213107463, -0.42854285914240753, 0.7897941376031871, 0.4301758374045102, 0.898567616773669, 0.2092882511714652, -0.38571319138354404, -0.2644974177104346, -1.1102230246251565e-16, 0.8789479198448793, 0.47691776460974855, 0.03851643238861673, 0.0, 0.0, 0.0, 1.0], "fov": 51.46000000000001, "aspect": 1.7777777777777777}, {"camera_to_world": [0.4469521380463118, -0.4266305406119427, 0.7862697807451282, 0.426705713105457, 0.894557871965716, 0.21315941456459492, -0.3928476520060269, -0.2699557626972386, -1.1102230246251565e-16, 0.8789479198448793, 0.47691776460974855, 0.03851643238861673, 0.0, 0.0, 0.0, 1.0], "fov": 51.46000000000001, "aspect": 1.7777777777777777}, {"camera_to_world": [0.4550415394286459, -0.424681062673435, 0.7826769399956603, 0.42319475901456655, 0.8904702114020482, 0.2170173937888884, -0.3999578145238202, -0.27541527307444, -5.551115123125783e-17, 0.8789479198448796, 0.47691776460974833, 0.03851643238861674, 0.0, 0.0, 0.0, 1.0], "fov": 51.46000000000001, "aspect": 1.7777777777777777}, {"camera_to_world": [0.4631022269100631, -0.42269453866673345, 0.7790158242373886, 0.4196436383593348, 0.8863048727333843, 0.22086167884374386, -0.40704273901813115, -0.28087506823674585, -5.551115123125783e-17, 0.8789479198448792, 0.47691776460974866, 0.03851643238861674, 0.0, 0.0, 0.0, 1.0], "fov": 51.46000000000001, "aspect": 1.7777777777777777}, {"camera_to_world": [0.4711331350071331, -0.420671090613443, 0.7752866583531841, 0.41605301436725756, 0.882062111814327, 0.2246917615811848, -0.41410148898451615, -0.2863342675788631, -5.551115123125783e-17, 0.8789479198448792, 0.4769177646097486, 0.03851643238861674, 0.0, 0.0, 0.0, 1.0], "fov": 51.46000000000001, "aspect": 1.7777777777777777}, {"camera_to_world": [0.4791332024433368, -0.4186108491924312, 0.7714896831810418, 0.41242355026583094, 0.8777422026520045, 0.22850713585958626, -0.4211331316161864, -0.2917919904954987, 0.0, 0.8789479198448793, 0.47691776460974866, 0.03851643238861674, 0.0, 0.0, 0.0, 1.0], "fov": 51.46000000000001, "aspect": 1.7777777777777777}, {"camera_to_world": [0.4871013724709106, -0.41651395371223665, 0.7676251554632354, 0.4087559092825506, 0.873345437348221, 0.23230729769716713, -0.4281367380868929, -0.2972473563813597, -2.220446049250313e-16, 0.8789479198448796, 0.47691776460974833, 0.03851643238861674, 0.0, 0.0, 0.0, 1.0], "fov": 51.46000000000001, "aspect": 1.7777777777777777}, {"camera_to_world": [0.49503659319206555, -0.4143805520803902, 0.7636933477897686, 0.40505075464491247, 0.8688721260351222, 0.23609174542518524, -0.4351113838332619, -0.30269948463115304, 1.1102230246251565e-16, 0.8789479198448795, 0.47691776460974844, 0.038516432388616746, 0.0, 0.0, 0.0, 1.0], "fov": 51.46000000000001, "aspect": 1.7777777777777777}, {"camera_to_world": [0.5029378178794355, -0.4122108007696391, 0.7596945485361366, 0.4013087495804126, 0.8643225968043827, 0.2398599798407653, -0.4420561488364525, -0.3081474946395856, -1.1102230246251565e-16, 0.8789479198448793, 0.4769177646097485, 0.038516432388616746, 0.0, 0.0, 0.0, 1.0], "fov": 51.46000000000001, "aspect": 1.7777777777777777}, {"camera_to_world": [0.5108040052956017, -0.4100048647810972, 0.7556290617954058, 0.39753055731654674, 0.8596971956299329, 0.2436115043592847, -0.4489701179030017, -0.3135905058013645, -1.6653345369377348e-16, 0.8789479198448793, 0.47691776460974866, 0.038516432388616746, 0.0, 0.0, 0.0, 1.0], "fov": 51.46000000000001, "aspect": 1.7777777777777777}, {"camera_to_world": [0.5186341200115454, -0.4077629176043185, 0.7514972073046338, 0.393716841080811, 0.8549962862842446, 0.2473458251662503, -0.45585238094472735, -0.31902763751119656, 0.0, 0.8789479198448794, 0.47691776460974855, 0.038516432388616746, 0.0, 0.0, 0.0, 1.0], "fov": 51.46000000000001, "aspect": 1.7777777777777777}, {"camera_to_world": [0.5264271327238894, -0.40548514117431045, 0.7472993203656446, 0.389868264100701, 0.8502202502481958, 0.2510624513685967, -0.46270203325756704, -0.324458009163789, -5.551115123125783e-17, 0.8789479198448795, 0.47691776460974844, 0.038516432388616746, 0.0, 0.0, 0.0, 1.0], "fov": 51.46000000000001, "aspect": 1.7777777777777777}, {"camera_to_world": [0.534182020570768, -0.40317172582549754, 0.743035751760184, 0.38598548960371276, 0.8453694866145406, 0.2547608951453292, -0.4695181757992113, -0.32988074015384855, 5.551115123125783e-17, 0.8789479198448795, 0.47691776460974844, 0.03851643238861675, 0.0, 0.0, 0.0, 1.0], "fov": 51.46000000000001, "aspect": 1.7777777777777777}, {"camera_to_world": [0.5418977674461904, -0.40082287024264684, 0.7387068676594801, 0.3820691808173423, 0.8404444119850132, 0.2584406718974507, -0.47629991546541317, -0.33529494987608227, -1.6653345369377348e-16, 0.8789479198448794, 0.47691776460974855, 0.03851643238861675, 0.0, 0.0, 0.0, 1.0], "fov": 51.46000000000001, "aspect": 1.7777777777777777}, {"camera_to_world": [0.5495733643127467, -0.39843878140877764, 0.7343130495282357, 0.3781200009690853, 0.8354454603610991, 0.2621013003970943, -0.4830463653648407, -0.3406997577251972, -1.1102230246251565e-16, 0.8789479198448793, 0.47691776460974866, 0.03851643238861675, 0.0, 0.0, 0.0, 1.0], "fov": 51.46000000000001, "aspect": 1.7777777777777777}, {"camera_to_world": [0.5572078095125103, -0.39601967455006126, 0.7298546940230868, 0.3741386132864378, 0.8303730830285083, 0.2657423029358009, -0.4897566450923428, -0.34609428309590023, 5.551115123125783e-17, 0.8789479198448795, 0.4769177646097485, 0.03851643238861675, 0.0, 0.0, 0.0, 1.0], "fov": 51.46000000000001, "aspect": 1.7777777777777777}, {"camera_to_world": [0.5648001090759953, -0.3935657730777423, 0.7253322128855597, 0.37012568099689575, 0.8252277484353904, 0.26936320547186593, -0.4964298810005071, -0.3514776453828984, 0.0, 0.8789479198448794, 0.47691776460974866, 0.03851643238861675, 0.0, 0.0, 0.0, 1.0], "fov": 51.46000000000001, "aspect": 1.7777777777777777}, {"camera_to_world": [0.5723492770290228, -0.39107730852709244, 0.7207460328295677, 0.366081867327955, 0.8200099420643356, 0.2729635377766872, -0.5030652064693804, -0.35684896398089844, 0.0, 0.8789479198448795, 0.47691776460974855, 0.03851643238861675, 0.0, 0.0, 0.0, 1.0], "fov": 51.46000000000001, "aspect": 1.7777777777777777}, {"camera_to_world": [0.5798543356973576, -0.3885545204934229, 0.7160965954234821, 0.36200783550711135, 0.8147201662982058, 0.27654283358005455, -0.5096617621742268, -0.3622073582846077, -5.551115123125783e-17, 0.8789479198448793, 0.47691776460974855, 0.03851643238861675, 0.0, 0.0, 0.0, 1.0], "fov": 51.46000000000001, "aspect": 1.7777777777777777}, {"camera_to_world": [0.5873143160089633, -0.3859976565651815, 0.7113843569668311, 0.3579042487618608, 0.8093589402798511, 0.2801006307142984, -0.5162186963511963, -0.36755194768873295, -2.220446049250313e-16, 0.8789479198448793, 0.47691776460974855, 0.03851643238861675, 0.0, 0.0, 0.0, 1.0], "fov": 51.46000000000001, "aspect": 1.7777777777777777}, {"camera_to_world": [0.5947282577937536, -0.38340697225415243, 0.7066097883616602, 0.3537717703196993, 0.803926799765754, 0.2836364712572474, -0.5227351650607889, -0.37288185158798115, -1.6653345369377348e-16, 0.8789479198448794, 0.47691776460974866, 0.03851643238861675, 0.0, 0.0, 0.0, 1.0], "fov": 51.46000000000001, "aspect": 1.7777777777777777}, {"camera_to_world": [0.602095210080682, -0.3807827309227929, 0.7017733749786176, 0.3496110634081225, 0.7984242969736701, 0.28714990167391585, -0.5292103324489812, -0.3781961893770594, 0.0, 0.8789479198448793, 0.47691776460974866, 0.03851643238861675, 0.0, 0.0, 0.0, 1.0], "fov": 51.46000000000001, "aspect": 1.7777777777777777}, {"camera_to_world": [0.6094142313920441, -0.37812520370873354, 0.6968756165178065, 0.34542279125462655, 0.7928520004243189, 0.29064047295686196, -0.535643371005903, -0.3834940804506745, -1.6653345369377348e-16, 0.8789479198448793, 0.47691776460974866, 0.03851643238861676, 0.0, 0.0, 0.0, 1.0], "fov": 51.46000000000001, "aspect": 1.7777777777777777}, {"camera_to_world": [0.6166843900348498, -0.37543466944647086, 0.6919170268644677, 0.34120761708670744, 0.7872104947771882, 0.294107740765147, -0.5420334618219395, -0.38877464420353347, -5.551115123125783e-17, 0.8789479198448794, 0.4769177646097488, 0.03851643238861676, 0.0, 0.0, 0.0, 1.0], "fov": 51.46000000000001, "aspect": 1.7777777777777777}, {"camera_to_world": [0.6239047643891372, -0.372711414586282, 0.6868981339395439, 0.33696620413186074, 0.7815003806605183, 0.2975512655618394, -0.5483797948411416, -0.3940370000303434, -1.6653345369377348e-16, 0.8789479198448792, 0.4769177646097487, 0.03851643238861676, 0.0, 0.0, 0.0, 1.0], "fov": 51.46000000000001, "aspect": 1.7777777777777777}, {"camera_to_world": [0.6310744431930877, -0.36995573311040264, 0.6818194795451935, 0.3326992156175825, 0.7757222744955401, 0.30097061274998943, -0.5546815691118296, -0.39928026732581134, -1.6653345369377348e-16, 0.8789479198448791, 0.47691776460974866, 0.03851643238861676, 0.0, 0.0, 0.0, 1.0], "fov": 51.46000000000001, "aspect": 1.7777777777777777}, {"camera_to_world": [0.6381925258248136, -0.3671679264464942, 0.6766816192053147, 0.32840731477136875, 0.7698768083150347, 0.3043653528070193, -0.5609379930342695, -0.4045035654846439, 0.0, 0.8789479198448795, 0.47691776460974855, 0.03851643238861677, 0.0, 0.0, 0.0, 1.0], "fov": 51.46000000000001, "aspect": 1.7777777777777777}, {"camera_to_world": [0.6452581225806924, -0.3643483033784396, 0.6714851220011451, 0.32409116482071515, 0.7639646295762914, 0.3077350614174669, -0.567148284605312, -0.40970601390154837, 1.1102230246251565e-16, 0.8789479198448795, 0.4769177646097486, 0.03851643238861677, 0.0, 0.0, 0.0, 1.0], "fov": 51.46000000000001, "aspect": 1.7777777777777777}, {"camera_to_world": [0.6522703549501134, -0.36149717995450853, 0.6662305704020122, 0.3197514289931178, 0.7579864009685482, 0.3110793196040155, -0.5733116716598832, -0.4148867319712316, -1.1102230246251565e-16, 0.8789479198448793, 0.4769177646097486, 0.03851643238861677, 0.0, 0.0, 0.0, 1.0], "fov": 51.46000000000001, "aspect": 1.7777777777777777}, {"camera_to_world": [0.6592283558865126, -0.35861487939292935, 0.6609185600913022, 0.3153887705160726, 0.7519428002149935, 0.31439771385675536, -0.57942739210921, -0.4200448390884005, 0.0, 0.8789479198448794, 0.47691776460974855, 0.03851643238861677, 0.0, 0.0, 0.0, 1.0], "fov": 51.46000000000001, "aspect": 1.7777777777777777}, {"camera_to_world": [0.6661312700745751, -0.3557017319849043, 0.6555496997877226, 0.3110038526170753, 0.7458345198694103, 0.317689836260619, -0.5854946941756755, -0.42517945464776224, -5.551115123125783e-17, 0.8789479198448796, 0.47691776460974844, 0.038516432388616774, 0.0, 0.0, 0.0, 1.0], "fov": 51.46000000000001, "aspect": 1.7777777777777777}, {"camera_to_world": [0.6729782541934791, -0.3527580749951169, 0.6501246110619382, 0.3065973385236219, 0.739662267107561, 0.32095528462092515, -0.5915128366241971, -0.4302896980440237, 1.1102230246251565e-16, 0.8789479198448793, 0.4769177646097486, 0.038516432388616774, 0.0, 0.0, 0.0, 1.0], "fov": 51.46000000000001, "aspect": 1.7777777777777777}, {"camera_to_world": [0.6797684771760646, -0.3497842525597713, 0.6446439281486611, 0.30216989146320833, 0.7334267635133954, 0.32419366258698185, -0.5974810889900232, -0.4353746886718918, -5.551115123125783e-17, 0.8789479198448792, 0.4769177646097488, 0.038516432388616774, 0.0, 0.0, 0.0, 1.0], "fov": 51.46000000000001, "aspect": 1.7777777777777777}, {"camera_to_world": [0.686501120463804, -0.34678061558220963, 0.6391082977542739, 0.2977221746633304, 0.7271287448601808, 0.3274045797736851, -0.6033987318028395, -0.4404335459260736, -5.551115123125783e-17, 0.8789479198448795, 0.47691776460974855, 0.038516432388616774, 0.0, 0.0, 0.0, 1.0], "fov": 51.46000000000001, "aspect": 1.7777777777777777}, {"camera_to_world": [0.693175378257466, -0.34374752162615185, 0.6335183788600749, 0.29325485135148405, 0.7207689608866485, 0.33058765188106753, -0.6092650568070873, -0.44546538920127593, 5.551115123125783e-17, 0.8789479198448794, 0.47691776460974855, 0.03851643238861678, 0.0, 0.0, 0.0, 1.0], "fov": 51.46000000000001, "aspect": 1.7777777777777777}, {"camera_to_world": [0.6997904577633568, -0.34068533480660734, 0.6278748425212317, 0.2887685847551652, 0.7143481750682587, 0.33374250081173273, -0.6150793671783984, -0.45046933789220595, 5.551115123125783e-17, 0.8789479198448794, 0.47691776460974855, 0.03851643238861678, 0.0, 0.0, 0.0, 1.0], "fov": 51.46000000000001, "aspect": 1.7777777777777777}, {"camera_to_world": [0.7063455794350253, -0.33759442567850817, 0.6221783716615329, 0.2842640381018698, 0.7078671643836845, 0.3368687547861297, -0.6208409777360416, -0.4554445113935704, 0.0, 0.8789479198448794, 0.47691776460974833, 0.03851643238861678, 0.0, 0.0, 0.0, 1.0], "fov": 51.46000000000001, "aspect": 1.7777777777777777}, {"camera_to_world": [0.7128399772103291, -0.3344751711231112, 0.6164296608640301, 0.2797418746190935, 0.7013267190766209, 0.3399660484556145, -0.6265492151512899, -0.4603900291000766, -1.6653345369377348e-16, 0.8789479198448793, 0.4769177646097488, 0.03851643238861678, 0.0, 0.0, 0.0, 1.0], "fov": 51.46000000000001, "aspect": 1.7777777777777777}, {"camera_to_world": [0.7192728987437522, -0.33132795423222056, 0.6106294161576655, 0.27520275753433243, 0.6947276424130251, 0.34303402301324437, -0.6322034181516175, -0.4653050104064313, -5.551115123125783e-17, 0.8789479198448794, 0.47691776460974855, 0.03851643238861678, 0.0, 0.0, 0.0, 1.0], "fov": 51.46000000000001, "aspect": 1.7777777777777777}, {"camera_to_world": [0.7256436056338728, -0.32815316419028845, 0.604778354799983, 0.27064735007508256, 0.6880707504339016, 0.34607232630226437, -0.6378029377206306, -0.4701885747073414, 5.551115123125783e-17, 0.8789479198448794, 0.47691776460974844, 0.03851643238861678, 0.0, 0.0, 0.0, 1.0], "fov": 51.46000000000001, "aspect": 1.7777777777777777}, {"camera_to_world": [0.7319513736458834, -0.3249511961544381, 0.598877205056015, 0.26607631546883964, 0.6813568717037383, 0.3490806129222299, -0.643347137293651, -0.475039841397514, -2.220446049250313e-16, 0.8789479198448791, 0.4769177646097489, 0.03851643238861678, 0.0, 0.0, 0.0, 1.0], "fov": 51.46000000000001, "aspect": 1.7777777777777777}, {"camera_to_world": [0.7381954929290583, -0.3217224511324741, 0.5929267059734595, 0.26149031694309943, 0.6745868470547174, 0.3520585443327179, -0.6488353929488612, -0.4798579298716561, 5.551115123125783e-17, 0.8789479198448794, 0.4769177646097485, 0.03851643238861678, 0.0, 0.0, 0.0, 1.0], "fov": 51.46000000000001, "aspect": 1.7777777777777777}, {"camera_to_world": [0.7443752682290853, -0.31846733585892817, 0.5869276071542333, 0.25689001772535824, 0.667761529326808, 0.35500578895459733, -0.6542670935939288, -0.48464195952447453, -1.1102230246251565e-16, 0.8789479198448795, 0.47691776460974844, 0.03851643238861678, 0.0, 0.0, 0.0, 1.0], "fov": 51.46000000000001, "aspect": 1.7777777777777777}, {"camera_to_world": [0.7504900190951568, -0.3151862626692025, 0.5808806685225216, 0.2522760810431117, 0.6608817831038705, 0.35792202226878966, -0.6596416411480319, -0.48939104975067627, -1.1102230246251565e-16, 0.8789479198448795, 0.4769177646097485, 0.03851643238861679, 0.0, 0.0, 0.0, 1.0], "fov": 51.46000000000001, "aspect": 1.7777777777777777}, {"camera_to_world": [0.7565390800817446, -0.3118796493718635, 0.5747866600894207, 0.24764917012385562, 0.6539484844458833, 0.36080692691250116, -0.6649584507192082, -0.4941043199449687, -1.6653345369377348e-16, 0.8789479198448796, 0.47691776460974844, 0.03851643238861679, 0.0, 0.0, 0.0, 1.0], "fov": 51.46000000000001, "aspect": 1.7777777777777777}, {"camera_to_world": [0.7625218009449608, -0.30854791911915114, 0.5686463617142867, 0.2430099481950862, 0.6469625206174262, 0.36366019277287054, -0.6702169507769445, -0.49878088950205823, -1.6653345369377348e-16, 0.8789479198448794, 0.4769177646097486, 0.03851643238861679, 0.0, 0.0, 0.0, 1.0], "fov": 51.46000000000001, "aspect": 1.7777777777777777}, {"camera_to_world": [0.7684375468334284, -0.30519150027575936, 0.5624605628629031, 0.23835907848429896, 0.6399247898125394, 0.3664815170779976, -0.6754165833199439, -0.5034198778166521, -5.551115123125783e-17, 0.8789479198448795, 0.47691776460974844, 0.038516432388616795, 0.0, 0.0, 0.0, 1.0], "fov": 51.46000000000001, "aspect": 1.7777777777777777}, {"camera_to_world": [0.7742856984735839, -0.3018108262859476, 0.5562300623625696, 0.23369722421899014, 0.6328362008760834, 0.36927060448531945, -0.6805568040389961, -0.5080204042834573, -5.551115123125783e-17, 0.8789479198448794, 0.47691776460974866, 0.038516432388616795, 0.0, 0.0, 0.0, 1.0], "fov": 51.46000000000001, "aspect": 1.7777777777777777}, {"camera_to_world": [0.7800656523493273, -0.29840633553904883, 0.5499556681542385, 0.22902504862665554, 0.6256976730217384, 0.3720271671672867, -0.68563708247488, -0.5125815882971807, -1.1102230246251565e-16, 0.8789479198448792, 0.4769177646097487, 0.038516432388616795, 0.0, 0.0, 0.0, 1.0], "fov": 51.46000000000001, "aspect": 1.7777777777777777}, {"camera_to_world": [0.7857768208759528, -0.294978471233437, 0.5436381970418058, 0.22434321493479095, 0.6185101355467676, 0.3747509248943142, -0.6906569021712411, -0.5171025492525294, -5.551115123125783e-17, 0.8789479198448794, 0.47691776460974855, 0.038516432388616795, 0.0, 0.0, 0.0, 1.0], "fov": 51.46000000000001, "aspect": 1.7777777777777777}, {"camera_to_world": [0.791418632568287, -0.29152768123900963, 0.5372784744386743, 0.2196523863708923, 0.6112745275436748, 0.37744160511497127, -0.695615760822375, -0.5215824065442105, 5.551115123125783e-17, 0.8789479198448795, 0.4769177646097485, 0.0385164323886168, 0.0, 0.0, 0.0, 1.0], "fov": 51.46000000000001, "aspect": 1.7777777777777777}, {"camera_to_world": [0.7969905322029676, -0.28805441795826037, 0.5308773341117121, 0.21495322616245566, 0.6039917976089002, 0.38009894303337327, -0.7005131704158616, -0.5260202795669303, -5.551115123125783e-17, 0.8789479198448793, 0.4769177646097488, 0.0385164323886168, 0.0, 0.0, 0.0, 1.0], "fov": 51.46000000000001, "aspect": 1.7777777777777777}, {"camera_to_world": [0.8024919809748015, -0.2845591381859975, 0.5244356179227163, 0.21024639753697677, 0.5966629035486779, 0.38272268168375123, -0.7053486573699982, -0.5304152877153966, 5.551115123125783e-17, 0.8789479198448792, 0.47691776460974866, 0.0385164323886168, 0.0, 0.0, 0.0, 1.0], "fov": 51.46000000000001, "aspect": 1.7777777777777777}, {"camera_to_world": [0.8079224566471361, -0.2810423029677794, 0.5179541755675141, 0.20553256372195144, 0.5892888120822051, 0.3853125720021688, -0.7101217626659652, -0.5347665503843161, -1.1102230246251565e-16, 0.8789479198448794, 0.4769177646097486, 0.0385164323886168, 0.0, 0.0, 0.0, 1.0], "fov": 51.46000000000001, "aspect": 1.7777777777777777}, {"camera_to_world": [0.8132814536961922, -0.2775043774571306, 0.5114338643128149, 0.2008123879448759, 0.5818704985422516, 0.3878683728953548, -0.7148320419746876, -0.5390731869683956, 0.0, 0.8789479198448793, 0.47691776460974866, 0.03851643238861681, 0.0, 0.0, 0.0, 1.0], "fov": 51.46000000000001, "aspect": 1.7777777777777777}, {"camera_to_world": [0.8185684834493016, -0.2739458307716046, 0.5048755487309382, 0.19608653343324578, 0.5744089465733543, 0.39038985130663284, -0.7194790657783412, -0.5433343168623421, -5.551115123125783e-17, 0.8789479198448795, 0.4769177646097485, 0.03851643238861681, 0.0, 0.0, 0.0, 1.0], "fov": 51.46000000000001, "aspect": 1.7777777777777777}, {"camera_to_world": [0.8237830742170009, -0.2703671358477629, 0.49828010043254234, 0.19135566341455693, 0.566905147827736, 0.39287678227891876, -0.7240624194864527, -0.5475490594608627, -8.326672684688674e-17, 0.8789479198448793, 0.47691776460974866, 0.03851643238861681, 0.0, 0.0, 0.0, 1.0], "fov": 51.46000000000001, "aspect": 1.7777777777777777}, {"camera_to_world": [0.8289247714189308, -0.26676876929513726, 0.49164839779748193, 0.1866204411163054, 0.5593601016590951, 0.39532894901476323, -0.7285817035465614, -0.5517165341586645, 2.7755575615628914e-17, 0.8789479198448793, 0.4769177646097485, 0.03851643238861681, 0.0, 0.0, 0.0, 1.0], "fov": 51.46000000000001, "aspect": 1.7777777777777777}, {"camera_to_world": [0.8339931377035044, -0.26315121124924085, 0.48498132570390895, 0.1818815297659872, 0.5517748148143984, 0.3977461429334257, -0.7330365335493991, -0.555835860350454, -1.1102230246251565e-16, 0.8789479198448793, 0.4769177646097487, 0.03851643238861681, 0.0, 0.0, 0.0, 1.0], "fov": 51.46000000000001, "aspect": 1.7777777777777777}, {"camera_to_world": [0.8389877530612945, -0.259514945223701, 0.4782797752557595, 0.17713959259109807, 0.544150301123835, 0.4001281637249483, -0.7374265403285541, -0.5599061574309386, -2.7755575615628914e-17, 0.8789479198448794, 0.47691776460974855, 0.03851643238861681, 0.0, 0.0, 0.0, 1.0], "fov": 51.46000000000001, "aspe