{"default_fov": 33.41, "default_transition_sec": 5.0, "keyframes": [{"matrix": [0.4290437972570117, 0.8881832064691909, -0.1644749579157601, -0.6453903901433613, -0.8930883011687504, 0.3898292191693151, -0.2245583803765909, -0.44703136991959547, -0.13533183790520192, 0.24323604097244492, 0.9604798394663218, 1.175413914859825, 0.0, 0.0, 0.0, 1.0], "fov": 33.41, "aspect": 1.7777777777777777, "override_transition_enabled": false, "override_transition_sec": null}, {"matrix": [-0.14983806363487429, 0.9830122026933449, -0.10599794357500511, -0.6653401775069298, -0.9884986000895967, -0.14672280131817161, 0.03664610749119462, 0.1450895783787065, 0.02047125562976606, 0.11026980062250466, 0.9936908466739612, 1.206031049655863, 0.0, 0.0, 0.0, 1.0], "fov": 33.41, "aspect": 1.7777777777777777, "override_transition_enabled": false, "override_transition_sec": null}, {"matrix": [-0.8324698412008797, 0.5521178829999128, -0.04647372120539418, -0.39018752353893554, -0.5100752172070103, -0.7309129881342655, 0.4534197575843606, 1.0108772730916065, 0.2163729102318574, 0.4011633670318535, 0.8900846682588477, 1.0227217211877553, 0.0, 0.0, 0.0, 1.0], "fov": 33.41, "aspect": 1.7777777777777777, "override_transition_enabled": false, "override_transition_sec": null}, {"matrix": [-0.7461749082852696, -0.32321281587478246, 0.5820279047432035, 0.8703898269849472, 0.6296207263774859, -0.6266836163846435, 0.4591790346596325, 0.9966233730182086, 0.21633480339824346, 0.7090847062300518, 0.6711170778852855, 0.5896523035228369, 0.0, 0.0, 0.0, 1.0], "fov": 33.41, "aspect": 1.7777777777777777, "override_transition_enabled": false, "override_transition_sec": null}, {"matrix": [-0.06067454549587126, -0.7859454399546298, 0.6153115998771622, 0.9888986179000968, 0.9974683807892099, -0.07064615677097885, 0.00812095186798828, 0.054223538045239425, 0.037086774659187305, 0.6142466002738751, 0.7882421488333169, 0.6652310737959953, 0.0, 0.0, 0.0, 1.0], "fov": 33.41, "aspect": 1.7777777777777777, "override_transition_enabled": false, "override_transition_sec": null}, {"matrix": [0.6913883420550998, -0.29650859587316936, 0.6588359530593498, 0.9816786771928454, 0.7012215090211955, 0.4949965552847426, -0.5130953181839376, -0.9743138757407094, -0.17398435491830203, 0.8167380625571213, 0.5501530527172435, 0.35739788075734424, 0.0, 0.0, 0.0, 1.0], "fov": 33.41, "aspect": 1.7777777777777777, "override_transition_enabled": false, "override_transition_sec": null}], "camera_type": "perspective", "render_height": 1080.0, "render_width": 1920.0, "fps": 30.0, "seconds": 30.0, "is_cycle": true, "smoothness_value": 0.0, "camera_path": [{"camera_to_world": [0.4290437972570117, 0.8881832064691909, -0.1644749579157601, -0.6453903901433613, -0.8930883011687504, 0.3898292191693151, -0.2245583803765909, -0.44703136991959547, -0.13533183790520192, 0.24323604097244492, 0.9604798394663218, 1.175413914859825, 0.0, 0.0, 0.0, 1.0], "fov": 33.41, "aspect": 1.7777777777777777}, {"camera_to_world": [0.4221457962959104, 0.8912940091706846, -0.1654929481462558, -0.6508157776737009, -0.8967651958316457, 0.38386190099633, -0.22014137391347838, -0.44330319390970335, -0.13268425006277806, 0.2413400716415146, 0.9613271345412792, 1.178212535463136, 0.0, 0.0, 0.0, 1.0], "fov": 33.41, "aspect": 1.7777777777777777}, {"camera_to_world": [0.4153192689345694, 0.8943197718120852, -0.16643933008046718, -0.6561125920581807, -0.9003272835727913, 0.377949096561469, -0.21578985810924475, -0.43958123182405034, -0.1300795422274133, 0.23947155604444817, 0.9621500332794035, 1.1809511826492638, 0.0, 0.0, 0.0, 1.0], "fov": 33.41, "aspect": 1.7777777777777777}, {"camera_to_world": [0.4085647868093051, 0.8972625736266913, -0.16731613475177348, -0.6612819995339909, -0.9037776511243167, 0.37209140378552086, -0.2115040060072934, -0.43586529803747764, -0.12751773330670452, 0.23762967238484134, 0.9629493062952967, 1.1836303661714846, 0.0, 0.0, 0.0, 1.0], "fov": 33.41, "aspect": 1.7777777777777777}, {"camera_to_world": [0.40188284550397035, 0.9001244597774434, -0.16812535620779318, -0.6663251663383213, -0.9071193277763907, 0.3662893581269423, -0.20728393883140409, -0.43215520692482584, -0.12499881465094222, 0.23581361927021519, 0.96372570439028, 1.186250595783075, 0.0, 0.0, 0.0, 1.0], "fov": 33.41, "aspect": 1.7777777777777777}, {"camera_to_world": [0.39527386725683455, 0.9029074410323802, -0.16886895153397877, -0.6712432587083619, -0.9103552852206783, 0.36054343466911476, -0.20312972797642168, -0.4284507728609361, -0.12252275108976136, 0.23402261567070118, 0.9644799587446282, 1.188812381237311, 0.0, 0.0, 0.0, 1.0], "fov": 33.41, "aspect": 1.7777777777777777}, {"camera_to_world": [0.3887382035982766, 0.905613493497709, -0.16954884092219497, -0.6760374428813024, -0.9134884374701401, 0.3548540501551096, -0.19904139694263834, -0.42475181022064934, -0.12008948193554168, 0.23225590085806197, 0.9652127811239671, 1.1913162322874697, 0.0, 0.0, 0.0, 1.0], "fov": 33.41, "aspect": 1.7777777777777777}, {"camera_to_world": [0.3822761379196893, 0.9082445584055351, -0.17016690778157015, -0.6807088850943328, -0.9165216408509155, 0.349221564970145, -0.19501892321451378, -0.42105813337880643, -0.11769892195407869, 0.23051273432619188, 0.9659248640988128, 1.1937626586868275, 0.0, 0.0, 0.0, 1.0], "fov": 33.41, "aspect": 1.7777777777777777}, {"camera_to_world": [0.37588788797410744, 0.9108025419533646, -0.17072499888901646, -0.6852587515846431, -0.9194576940621683, 0.34364628507201633, -0.19106224008443648, -0.41736955671024834, -0.1153509623030741, 0.22879239569420198, 0.9666168812762699, 1.1961521701886606, 0.0, 0.0, 0.0, 1.0], "fov": 33.41, "aspect": 1.7777777777777777}, {"camera_to_world": [0.36957360830911645, 0.9132893151926234, -0.17122492457691102, -0.6896882085894231, -0.9222993382999418, 0.33812846386981743, -0.18717123842227262, -0.4136858945898162, -0.11304547143901633, 0.22709418459314767, 0.9672894875429506, 1.1984852765462455, 0.0, 0.0, 0.0, 1.0], "fov": 33.41, "aspect": 1.7777777777777777}, {"camera_to_world": [0.3633333926327219, 0.9157067139634998, -0.1716684589555274, -0.6939984223458628, -0.925049257441195, 0.3326683040513847, -0.18334576839149885, -0.4100069613923506, -0.11078229599304229, 0.22541742053742142, 0.9679433193182158, 1.2007624875128589, 0.0, 0.0, 0.0, 1.0], "fov": 33.41, "aspect": 1.7777777777777777}, {"camera_to_world": [0.3571672761128998, 0.9180565388735263, -0.17205734016790158, -0.698190559091152, -0.9277100782843472, 0.3272659593599262, -0.17958564111275072, -0.40633257149269275, -0.10856126161638968, 0.2237614427817905, 0.9685789948168757, 1.202984312841777, 0.0, 0.0, 0.0, 1.0], "fov": 33.41, "aspect": 1.7777777777777777}, {"camera_to_world": [0.3510752376116183, 0.9203405553174073, -0.17239327067490787, -0.7022657850624806, -0.9302843708427921, 0.3219215363203647, -0.1758906302756529, -0.4026625392656835, -0.10638217379606438, 0.22212561016502, 0.9691971143205295, 1.2051512622862766, 0.0, 0.0, 0.0, 1.0], "fov": 33.41, "aspect": 1.7777777777777777}, {"camera_to_world": [0.345057201854194, 0.9225604935356767, -0.1726779175684103, -0.7062252664970385, -0.9327746486879797, 0.3166350959159857, -0.17226047369983238, -0.3989966790861639, -0.10424481864136051, 0.22050930094098797, 0.9697982604567542, 1.207263845599634, 0.0, 0.0, 0.0, 1.0], "fov": 33.41, "aspect": 1.7777777777777777}, {"camera_to_world": [0.33911304153488186, 0.924718048709869, -0.17291291291044275, -0.7100701696320157, -0.9351833693387896, 0.31140665521601985, -0.16869487484603723, -0.39533480532897475, -0.10214896364188307, 0.2189119125981585, 0.9703829984853947, 1.2093225725351258, 0.0, 0.0, 0.0, 1.0], "fov": 33.41, "aspect": 1.7777777777777777}, {"camera_to_world": [0.3332425793596526, 0.9268148810919642, -0.1730998540964553, -0.713801660704602, -0.9375129346940619, 0.30623618895483207, -0.16519350427831114, -0.39167673236895706, -0.10009435839773181, 0.21733286166824595, 0.9709518765912333, 1.2113279528460283, 0.0, 0.0, 0.0, 1.0], "fov": 33.41, "aspect": 1.7777777777777777}, {"camera_to_world": [0.3274455900271571, 0.9288526161659557, -0.1732403042407467, -0.7174209059519875, -0.9397656915052613, 0.3011236310634391, -0.16175600107818985, -0.38802227458095173, -0.09808073532251133, 0.21577158352486855, 0.9715054261823586, 1.2132804962856183, 0.0, 0.0, 0.0, 1.0], "fov": 33.41, "aspect": 1.7777777777777777}, {"camera_to_world": [0.32172180214890345, 0.9308328448394658, -0.17333579258228424, -0.7209290716113619, -0.9419439318863874, 0.2960688761541006, -0.15838197421190542, -0.3843712463397998, -0.0961078103198417, 0.21422753217295548, 0.9720441621935758, 1.215180712607172, 0.0, 0.0, 0.0, 1.0], "fov": 33.41, "aspect": 1.7777777777777777}, {"camera_to_world": [0.3160709001097286, 0.9327571236634127, -0.17338781490918811, -0.724327323919915, -0.9440498938583402, 0.2910717809587783, -0.15507100385159522, -0.3807234620203422, -0.0941752834340436, 0.21270018002964147, 0.9725685833942385, 1.2170291115639658, 0.0, 0.0, 0.0, 1.0], "fov": 33.41, "aspect": 1.7777777777777777}, {"camera_to_world": [0.3104925258696358, 0.9346269750778223, -0.17339783400023548, -0.7276168291148369, -0.9460857619251014, 0.2861321657222554, -0.15182264265152368, -0.37707873599741976, -0.0922828394756792, 0.2111890176973497, 0.9730791726999065, 1.2188262029092765, 0.0, 0.0, 0.0, 1.0], "fov": 33.41, "aspect": 1.7777777777777777}, {"camera_to_world": [0.3049862807081394, 0.9364438876819322, -0.1733672800818091, -0.7307987534333176, -0.948053667679159, 0.2812498155507718, -0.14863641698033306, -0.3734368826458735, -0.09043014862262808, 0.20969355372973505, 0.9735763974872665, 1.2205724963963802, 0.0, 0.0, 0.0, 1.0], "fov": 33.41, "aspect": 1.7777777777777777}, {"camera_to_world": [0.29955172691224774, 0.9382093165268258, -0.17329755129878893, -0.7338742631125468, -0.949955690433748, 0.2764244817170256, -0.14551182811034552, -0.36979771634054437, -0.08861686699737885, 0.20821331439113105, 0.9740607099117738, 1.2222685017785537, 0.0, 0.0, 0.0, 1.0], "fov": 33.41, "aspect": 1.7777777777777777}, {"camera_to_world": [0.29418838940923187, 0.9399246834288983, -0.17319001419795282, -0.7368445243897145, -0.9517938578795653, 0.27165588292240583, -0.14244835336493686, -0.3661610514562733, -0.08684263722121731, 0.20674784341011412, 0.9745325472275059, 1.2239147288090735, 0.0, 0.0, 0.0, 1.0], "fov": 33.41, "aspect": 1.7777777777777777}, {"camera_to_world": [0.28889575734537587, 0.9415913773025231, -0.17304600422251643, -0.7397107035020104, -0.9535701467637194, 0.2669437065173751, -0.13944544722501248, -0.36252670236790124, -0.08510708894598595, 0.20529670172777484, 0.9749923321087387, 1.2255116872412157, 0.0, 0.0, 0.0, 1.0], "fov": 33.41, "aspect": 1.7777777777777777}, {"camera_to_world": [0.28367328561186256, 0.9432107545103594, -0.17286682621651028, -0.7424739666866247, -0.9552864835887855, 0.26228760968087916, -0.13650254239560405, -0.3588944834502692, -0.08340983936409158, 0.20385946724125736, 0.9754404729727832, 1.2270598868282572, 0.0, 0.0, 0.0, 1.0], "fov": 33.41, "aspect": 1.7777777777777777}, {"camera_to_world": [0.2785203963190026, 0.9447841392298034, -0.17265375493775023, -0.7451354801807473, -0.956944745329913, 0.2576872205597176, -0.13361905083361078, -0.355264209078218, -0.0817504936974289, 0.20243573454310484, 0.9758773643036405, 1.2285598373234745, 0.0, 0.0, 0.0, 1.0], "fov": 33.41, "aspect": 1.7777777777777777}, {"camera_to_world": [0.2734364802199929, 0.9463128238341493, -0.17240803557821832, -0.7476964102215679, -0.9585467601680436, 0.2531421393687927, -0.13079436473769876, -0.35163569362658864, -0.08012864566588418, 0.20102511465692427, 0.9763033869760576, 1.2300120484801436, 0.0, 0.0, 0.0, 1.0], "fov": 33.41, "aspect": 1.7777777777777777}, {"camera_to_world": [0.26842089808540703, 0.9477980692870794, -0.17213088429072806, -0.7501579230462763, -0.9600943082373655, 0.248651939453171, -0.128027857501369, -0.34800875147022214, -0.07854387793608, 0.19962723476986052, 0.9767189085795878, 1.2314170300515415, 0.0, 0.0, 0.0, 1.0], "fov": 33.41, "aspect": 1.7777777777777777}, {"camera_to_world": [0.26347298202960323, 0.9492411055491855, -0.17182348872080547, -0.7525211848920628, -0.9615891223852405, 0.24421616831288429, -0.12531888463019492, -0.3443831969839593, -0.07699576255100982, 0.19824173796235084, 0.9771242837422757, 1.2327752917909445, 0.0, 0.0, 0.0, 1.0], "fov": 33.41, "aspect": 1.7777777777777777}, {"camera_to_world": [0.2585920367902602, 0.9506431319952392, -0.1714870085427657, -0.754787361996117, -0.9630328889428884, 0.23983434859141717, -0.12266678462421961, -0.34075884454264116, -0.0754838613412086, 0.1968682829356026, 0.9775198544536109, 1.2340873434516288, 0.0, 0.0, 0.0, 1.0], "fov": 33.41, "aspect": 1.7777777777777777}, {"camera_to_world": [0.2537773409622148, 0.9520053178410333, -0.17112257599902225, -0.7569576205956289, -0.9644272485052328, 0.23550597902880777, -0.120070879826497, -0.33713550852110863, -0.07400772631809545, 0.19550654373722665, 0.977905950386411, 1.2353536947868713, 0.0, 0.0, 0.0, 1.0], "fov": 33.41, "aspect": 1.7777777777777777}, {"camera_to_world": [0.24902814818679908, 0.9533288025786204, -0.17073129644170987, -0.7590331269277885, -0.9657737967183464, 0.23123053538030602, -0.11753047723874335, -0.33351300329420275, -0.07256690005011476, 0.19415620948543064, 0.9782828892173093, 1.2365748555499483, 0.0, 0.0, 0.0, 1.0], "fov": 33.41, "aspect": 1.7777777777777777}, {"camera_to_world": [0.2443436882978416, 0.954614696418872, -0.17031424887575383, -0.7610150472297854, -0.967074085073049, 0.22700747130151255, -0.11504486930505864, -0.3298911432367643, -0.07116091602229599, 0.1928169840921644, 0.978650976945545, 1.2377513354941363, 0.0, 0.0, 0.0, 1.0], "fov": 33.41, "aspect": 1.7777777777777777}, {"camera_to_world": [0.23972316842551045, 0.9558640807402863, -0.169872486502559, -0.7629045477388099, -0.9683296217032387, 0.22283621920093855, -0.11261333466465777, -0.32626974272363424, -0.06978929897983854, 0.1914885859855856, 0.9790105082097657, 1.2388836443727118, 0.0, 0.0, 0.0, 1.0], "fov": 33.41, "aspect": 1.7777777777777777}, {"camera_to_world": [0.2351657740591444, 0.9570780085430615, -0.16940703726354145, -0.7647027946920515, -0.9695418721876445, 0.2187161910608979, -0.11023513887454406, -0.32264861612965373, -0.06845156525632305, 0.19017074783220544, 0.979361766602566, 1.2399722919389513, 0.0, 0.0, 0.0, 1.0], "fov": 33.41, "aspect": 1.7777777777777777}, {"camera_to_world": [0.23067067007021747, 0.9582575049074669, -0.1689189043827627, -0.7664109543267005, -0.9707122603537277, 0.2146467792276503, -0.10790953510303375, -0.3190275778296635, -0.06714722308713442, 0.18886321625904923, 0.9797050249825068, 1.2410177879461313, 0.0, 0.0, 0.0, 1.0], "fov": 33.41, "aspect": 1.7777777777777777}, {"camera_to_world": [0.2262370016965768, 0.9594035674555991, -0.16840906690796875, -0.7680301928799464, -0.9718421690825251, 0.21062735717171377, -0.10563576479503381, -0.3154064421985046, -0.06587577290867626, 0.1875657515761577, 0.9800405457833647, 1.242020642147528, 0.0, 0.0, 0.0, 1.0], "fov": 33.41, "aspect": 1.7777777777777777}, {"camera_to_world": [0.2218638954890546, 0.9605171668156602, -0.16787848024937374, -0.7695616765889797, -0.972932941113299, 0.2066572802192308, -0.10341305830994814, -0.31178502361101784, -0.06463670764394057, 0.18627812749973588, 0.9803685813203848, 1.2429813642964183, 0.0, 0.0, 0.0, 1.0], "fov": 33.41, "aspect": 1.7777777777777777}, {"camera_to_world": [0.21755046022156277, 0.9615992470879204, -0.1673280767155678, -0.7710065716909895, -0.973985879846901, 0.2027358862552855, -0.10124063553308096, -0.3081631364420443, -0.06342951297499017, 0.1850001308762473, 0.9806893740933094, 1.2439004641460785, 0.0, 0.0, 0.0, 1.0], "fov": 33.41, "aspect": 1.7777777777777777}, {"camera_to_world": [0.21329578776574798, 0.9626507263115829, -0.1667587660459588, -0.7723660444231664, -0.9750022501468276, 0.19886249640004627, -0.0991177064613803, -0.30454059506642495, -0.06225366760289539, 0.1837315614077325, 0.9810031570859825, 1.2447784514497848, 0.0, 0.0, 0.0, 1.0], "fov": 33.41, "aspect": 1.7777777777777777}, {"camera_to_world": [0.20909895393128464, 0.9636724969317887, -0.16617143593919664, -0.7736412610226999, -0.9759832791369756, 0.19503641565861063, -0.09704347176435105, -0.30091721385900055, -0.06110864349565635, 0.18247223137862292, 0.9813101540623266, 1.245615835960814, 0.0, 0.0, 0.0, 1.0], "fov": 33.41, "aspect": 1.7777777777777777}, {"camera_to_world": [0.20495901927284033, 0.9646654262660513, -0.16556695257705728, -0.77483338772678, -0.9769301569951788, 0.19125693354539486, -0.09501712332094728, -0.29729280719461226, -0.0599939061246317, 0.18122196538430577, 0.9816105798585091, 1.2464131274324428, 0.0, 0.0, 0.0, 1.0], "fov": 33.41, "aspect": 1.7777777777777777}, {"camera_to_world": [0.2008750298647477, 0.9656303569694388, -0.16494616114329813, -0.7759435907725967, -0.9778440377416459, 0.18752332468391553, -0.09303784473323432, -0.2936671894481009, -0.05890891468998012, 0.179980600061687, 0.9819046406711213, 1.2471708356179474, 0.0, 0.0, 0.0, 1.0], "fov": 33.41, "aspect": 1.7777777777777777}, {"camera_to_world": [0.1968460180443964, 0.9665681074978527, -0.1643098863370217, -0.7769730363973398, -0.978726040021459, 0.18383484938279393, -0.09110481181759511, -0.29004017499430745, -0.05785312233561046, 0.17874798382198692, 0.9821925343412031, 1.247889470270604, 0.0, 0.0, 0.0, 1.0], "fov": 33.41, "aspect": 1.7777777777777777}, {"camera_to_world": [0.1928710031253369, 0.9674794725687816, -0.16365893288011565, -0.7779228908381993, -0.9795772478803428, 0.18019075418879904, -0.08921719307423362, -0.28641157820807284, -0.05682597635412464, 0.17752397658599176, 0.9824744506339576, 1.2485695411436897, 0.0, 0.0, 0.0, 1.0], "fov": 33.41, "aspect": 1.7777777777777777}, {"camera_to_world": [0.1889489920810552, 0.9683652236189563, -0.1629940860183654, -0.778794320332365, -0.9803987115329652, 0.17659027241771985, -0.08737415013570889, -0.282781213464238, -0.05582691838222157, 0.17630844952197972, 0.9827505715140034, 1.2492115579904806, 0.0, 0.0, 0.0, 1.0], "fov": 33.41, "aspect": 1.7777777777777777}, {"camera_to_world": [0.1850789802003887, 0.9692261092583302, -0.16231611201585452, -0.7795884911170269, -0.9811914481230427, 0.17303262466387193, -0.08557483819521898, -0.2791488951376439, -0.05485538458702493, 0.1751012847865227, 0.9830210714160296, 1.2498160305642532, 0.0, 0.0, 0.0, 1.0], "fov": 33.41, "aspect": 1.7777777777777777}, {"camera_to_world": [0.1812599517154938, 0.970062855719874, -0.16162575864230244, -0.7803065694293748, -0.9819564424745995, 0.1695170192889892, -0.08381840641532773, -0.2755144376031315, -0.05391080584377711, 0.1739023752683655, 0.9832861175107148, 1.250383468618284, 0.0, 0.0, 0.0, 1.0], "fov": 33.41, "aspect": 1.7777777777777777}, {"camera_to_world": [0.1774908804032912, 0.9708761673046655, -0.16092375565300235, -0.7809497215065986, -0.9826946478337284, 0.1660426528912754, -0.08210399831781337, -0.27187765523554175, -0.05299260790533553, 0.17271162433556717, 0.9835458699657893, 1.2509143819058495, 0.0, 0.0, 0.0, 1.0], "fov": 33.41, "aspect": 1.7777777777777777}, {"camera_to_world": [0.1737707301612611, 0.9716667268218107, -0.16021081526105257, -0.7815191135858883, -0.9834069866002679, 0.162608710755338, -0.08043075215530016, -0.26823836240971555, -0.052100211563895396, 0.1715289455860899, 0.9838004822021188, 1.2514092801802263, 0.0, 0.0, 0.0, 1.0], "fov": 33.41, "aspect": 1.7777777777777777}, {"camera_to_world": [0.1700984555584738, 0.9724351960227287, -0.1594876326015879, -0.7820159119044338, -0.9840943510488149, 0.1592143672837495, -0.07879780126530739, -0.26459637350049386, -0.0512330328053443, 0.17035426260200381, 0.9840501011446998, 1.2518686731946906, 0.0, 0.0, 0.0, 1.0], "fov": 33.41, "aspect": 1.7777777777777777}, {"camera_to_world": [0.16647300236268925, 0.9731822160293869, -0.1587548861877456, -0.7824412826994249, -0.9847576040385512, 0.15585878641093098, -0.07720427440734266, -0.2609515028827176, -0.05039048295665106, 0.1691875087074805, 0.9842948674684592, 1.2522930707025193, 0.0, 0.0, 0.0, 1.0], "fov": 33.41, "aspect": 1.7777777777777777}, {"camera_to_world": [0.16289330804435864, 0.9739084077560618, -0.15801323835811312, -0.7827963922080515, -0.9853975797113634, 0.15254112200005976, -0.07564929608363706, -0.25730356493122775, -0.04957196882667241, 0.16802862673073027, 0.984534915838759, 1.2526829824569885, 0.0, 0.0, 0.0, 1.0], "fov": 33.41, "aspect": 1.7777777777777777}, {"camera_to_world": [0.1593583022583307, 0.9746143723242543, -0.15726333571542583, -0.7830824066675037, -0.9860150841777952, 0.1492605182236768, -0.07413198684410983, -0.2536523740208653, -0.04877689284075343, 0.16687756877004067, 0.984770375146512, 1.2530389182113748, 0.0, 0.0, 0.0, 1.0], "fov": 33.41, "aspect": 1.7777777777777777}, {"camera_to_world": [0.15586690730404784, 0.975300691470379, -0.15650580955629761, -0.7833004923149712, -0.9866108961903619, 0.14601610992865854, -0.07265146357612416, -0.24999774452647108, -0.04800465316948287, 0.16573429596406009, 0.985001368737818, 1.253361387718955, 0.0, 0.0, 0.0, 1.0], "fov": 33.41, "aspect": 1.7777777777777777}, {"camera_to_world": [0.15241803856500036, 0.9759679279458942, -0.15574127629179077, -0.783451815387644, -0.9871857678038225, 0.1428070229862013, -0.07120683977958678, -0.24633949082288611, -0.047254643851956483, 0.16459877826647562, 0.9852280146380371, 1.2536509007330048, 0.0, 0.0, 0.0, 1.0], "fov": 33.41, "aspect": 1.7777777777777777}, {"camera_to_world": [0.14901060492817342, 0.9766166259095332, -0.15497033785863215, -0.783537542122712, -0.9877404250219932, 0.1396323746274446, -0.06979722582791645, -0.24267742728495137, -0.04652625491388729, 0.16347099422521336, 0.9854504257702201, 1.2539079670068014, 0.0, 0.0, 0.0, 1.0], "fov": 33.41, "aspect": 1.7777777777777777}, {"camera_to_world": [0.14564350918422686, 0.9772473113113305, -0.15419358212091608, -0.7835588387573651, -0.9882755684307307, 0.13649127376536185, -0.06842172921539777, -0.2390113682875077, -0.04581887248089162, 0.16235093076630233, 0.9856687101678206, 1.254133096293621, 0.0, 0.0, 0.0, 1.0], "fov": 33.41, "aspect": 1.7777777777777777}, {"camera_to_world": [0.1423156484090884, 0.9778604922681491, -0.15341158326213097, -0.783516871528793, -0.9887918738167327, 0.13338282130349977, -0.06707945479141149, -0.2353411282053961, -0.045131878887268904, 0.16123858298252208, 0.985882971181617, 1.25432679834674, 0.0, 0.0, 0.0, 1.0], "fov": 33.41, "aspect": 1.7777777777777777}, {"camera_to_world": [0.13902591432767386, 0.9784566594304293, -0.15262490216737096, -0.783412806674186, -0.9892899927718145, 0.13030611043217777, -0.06576950498202525, -0.23166652141345753, -0.044464652780583584, 0.16013395392696186, 0.9860933076807792, 1.2544895829194354, 0.0, 0.0, 0.0, 1.0], "fov": 33.41, "aspect": 1.7777777777777777}, {"camera_to_world": [0.13577319366037832, 0.979036286339892, -0.1518340867956014, -0.7832478104307337, -0.9897705532823478, 0.12726022691269956, -0.06449097999940218, -0.22798736228653294, -0.043816569222344226, 0.1590370544116088, 0.9862998142480118, 1.254621959764983, 0.0, 0.0, 0.0, 1.0], "fov": 33.41, "aspect": 1.7777777777777777}, {"camera_to_world": [0.13255636845298735, 0.9795998297779581, -0.15103967254185696, -0.783023049035626, -0.9902341603035721, 0.12424424935013345, -0.0632429780394735, -0.22430346519946323, -0.04318699978506639, 0.1579479028110769, 0.9865025813687196, 1.2547244386366598, 0.0, 0.0, 0.0, 1.0], "fov": 33.41, "aspect": 1.7777777777777777}, {"camera_to_world": [0.129374316390651, 0.9801477301046332, -0.15024218258926864, -0.782739688726053, -0.9906813963184872, 0.12125724945521954, -0.06202459546830902, -0.2206146445270894, -0.04257531264599758, 0.15686652487159292, 0.9867016956141331, 1.254797529287742, 0.0, 0.0, 0.0, 1.0], "fov": 33.41, "aspect": 1.7777777777777777}, {"camera_to_world": [0.12622591109651704, 0.9806804115876491, -0.1494421282508167, -0.7823988957392045, -0.991112821881075, 0.11829829229591593, -0.06083492699759648, -0.21692071464425228, -0.04198087267776861, 0.15579295352534217, 0.9868972398183428, 1.2548417414715058, 0.0, 0.0, 0.0, 1.0], "fov": 33.41, "aspect": 1.7777777777777777}, {"camera_to_world": [0.12311002241561741, 0.9811982827216459, -0.14864000930072496, -0.7820018363122705, -0.9915289761436001, 0.1153664365391005, -0.059673065849629704, -0.21322148992579298, -0.04140304153622893, 0.15472722871027952, 0.9870892932491904, 1.2548575849412285, 0.0, 0.0, 0.0, 1.0], "fov": 33.41, "aspect": 1.7777777777777777}, {"camera_to_world": [0.12002551668459571, 0.9817017365371942, -0.1478363142954166, -0.7815496766824406, -0.991930377367756, 0.11246073468293927, -0.05853810391219326, -0.2095167847465523, -0.04084117774571437, 0.15366939719550832, 0.9872779317729694, 1.2548455694501859, 0.0, 0.0, 0.0, 1.0], "fov": 33.41, "aspect": 1.7777777777777777}, {"camera_to_world": [0.11697125698781607, 0.9821911508994781, -0.14703152088395688, -0.781043583086905, -0.9923175234194439, 0.10958023328039201, -0.05742913188371186, -0.20580641348137124, -0.040294636781985985, 0.1526195124123192, 0.9874632280128884, 1.2548062047516546, 0.0, 0.0, 0.0, 1.0], "fov": 33.41, "aspect": 1.7777777777777777}, {"camera_to_world": [0.11394610340041345, 0.9826668887964519, -0.1462260961079252, -0.7804847217628537, -0.9926908922469729, 0.10672397315434334, -0.05634523940902159, -0.20209019050509092, -0.039762771153067804, 0.1515776342909893, 0.9876452515012543, 1.2547400005989113, 0.0, 0.0, 0.0, 1.0], "fov": 33.41, "aspect": 1.7777777777777777}, {"camera_to_world": [0.11094891321880185, 0.9831292986163163, -0.14542049669065604, -0.7798742589474761, -0.9930509423425002, 0.10389098960481435, -0.05528551520611022, -0.19836793019255192, -0.0392449304782089, 0.15054382910342987, 0.9878240688253338, 1.2546474667452323, 0.0, 0.0, 0.0, 1.0], "fov": 33.41, "aspect": 1.7777777777777777}, {"camera_to_world": [0.10797854117915562, 0.9835787144141455, -0.1446151693158021, -0.7792133608779626, -0.9933981131865202, 0.10108031260870409, -0.0542490471841521, -0.19463944691859547, -0.038740461565178685, 0.14951816931177087, 0.9879997437668562, 1.2545291129438942, 0.0, 0.0, 0.0, 1.0], "fov": 33.41, "aspect": 1.7777777777777777}, {"camera_to_world": [0.10503383966435642, 0.9840154561675282, -0.14381055089517616, -0.7785031937915028, -0.9937328256752455, 0.09829096701249695, -0.05323492255316017, -0.19090455505806236, -0.03824870848610413, 0.14850073342297013, 0.9881723374351181, 1.2543854489481734, 0.0, 0.0, 0.0, 1.0], "fov": 33.41, "aspect": 1.7777777777777777}, {"camera_to_world": [0.1021136588999052, 0.9844398300210717, -0.143007068825835, -0.7777449239252867, -0.9940554825307104, 0.09552197271837648, -0.05224222792556129, -0.18716306898579363, -0.03776901265204524, 0.14749160584952978, 0.9883419083936573, 1.2542169845113462, 0.0, 0.0, 0.0, 1.0], "fov": 33.41, "aspect": 1.7777777777777777}, {"camera_to_world": [0.09921684713923806, 0.9848521285196534, -0.1422051412363743, -0.7769397175165045, -0.9943664686934632, 0.09277234486413266, -0.05127004940998617, -0.18341480307663027, -0.037300712886499075, 0.14649087677640046, 0.9885085127804618, 1.2540242293866897, 0.0, 0.0, 0.0, 1.0], "fov": 33.41, "aspect": 1.7777777777777777}, {"camera_to_world": [0.09634225083893533, 0.9852526308302798, -0.14140517722240706, -0.7760887408023456, -0.994666151697694, 0.09004109399729876, -0.05031747269756327, -0.17965957170541308, -0.0368431454980175, 0.14549864203415197, 0.9886722044216828, 1.2538076933274795, 0.0, 0.0, 0.0, 1.0], "fov": 33.41, "aspect": 1.7777777777777777}, {"camera_to_world": [0.09348871482424348, 0.9856416029524505, -0.1406075770712055, -0.7751931600200002, -0.9949548820286805, 0.08732722624389078, -0.049383583140985066, -0.17589718924698303, -0.036395644352113676, 0.14451500297848674, 0.9888330349388224, 1.253567886086993, 0.0, 0.0, 0.0, 1.0], "fov": 33.41, "aspect": 1.7777777777777777}, {"camera_to_world": [0.09065508244535325, 0.9860192979169141, -0.13981273247548665, -0.7742541414066582, -0.9952329934624281, 0.08462974347214314, -0.04846746582661268, -0.17212747007618115, -0.035957540942628846, 0.14354006637616912, 0.9889910538493683, 1.2533053174185058, 0.0, 0.0, 0.0, 1.0], "fov": 33.41, "aspect": 1.7777777777777777}, {"camera_to_world": [0.08784019572484558, 0.9863859559727103, -0.13902102673632932, -0.7732728511995092, -0.9955008033873857, 0.0819476434516122, -0.047568205639870714, -0.16835022856784834, -0.035528164462724596, 0.142573944297441, 0.9891463086608472, 1.253020497075295, 0.0, 0.0, 0.0, 1.0], "fov": 33.41, "aspect": 1.7777777777777777}, {"camera_to_world": [0.0850428954967295, 0.9867418047624095, -0.13823283495521285, -0.7722504556357436, -0.9957586131081415, 0.07927992000802486, -0.0466848873241792, -0.16456527909682556, -0.03510684187565855, 0.14161675401499615, 0.9892988449582732, 1.2527139348106369, 0.0, 0.0, 0.0, 1.0], "fov": 33.41, "aspect": 1.7777777777777777}, {"camera_to_world": [0.08226202153745021, 0.9870870594854564, -0.13744852421516665, -0.7711881209525508, -0.9960067081309945, 0.07662556317421476, -0.045816595533654275, -0.16077243603795371, -0.03469289798549744, 0.14066861790957352, 0.989448706484969, 1.252386140377808, 0.0, 0.0, 0.0, 1.0], "fov": 33.41, "aspect": 1.7777777777777777}, {"camera_to_world": [0.07949641268927776, 0.9874219230495331, -0.1366684537510312, -0.7700870133871213, -0.9962453584313096, 0.07398355933751366, -0.04496241487980921, -0.15697151376607374, -0.0342856555079165, 0.13972966338224077, 0.9895959352167318, 1.2520376235300845, 0.0, 0.0, 0.0, 1.0], "fov": 33.41, "aspect": 1.7777777777777777}, {"camera_to_world": [0.07674490697643688, 0.987746586209869, -0.13589297510882478, -0.7689482991766443, -0.996474818702579, 0.07135289138392564, -0.04412142997247334, -0.15316232665602664, -0.03388443514122986, 0.1388000227734251, 0.9897405714293298, 1.2516688940207437, 0.0, 0.0, 0.0, 1.0], "fov": 33.41, "aspect": 1.7777777777777777}, {"camera_to_world": [0.07400634171437359, 0.9880612276964162, -0.13512243229421914, -0.7677731445583102, -0.9966953285871012, 0.06873253883944341, -0.043292725455143316, -0.14934468908265347, -0.03348855563779036, 0.13787983328875497, 0.9898826537593028, 1.251280461603061, 0.0, 0.0, 0.0, 1.0], "fov": 33.41, "aspect": 1.7777777777777777}, {"camera_to_world": [0.07127955361249216, 0.9883660143288322, -0.13435716191012048, -0.7665627157693088, -0.9969071128882125, 0.06612147800880597, -0.04247538603496808, -0.14551841542079486, -0.033097333875894336, 0.13696923693176313, 0.9900222192580519, 1.2508728360303134, 0.0, 0.0, 0.0, 1.0], "fov": 33.41, "aspect": 1.7777777777777777}, {"camera_to_world": [0.06856337887075437, 0.9886611011191981, -0.13359749328336856, -0.76531817904683, -0.9971103817639977, 0.06351868211205902, -0.041668496507575085, -0.141683320045292, -0.03271008493232643, 0.13606838044351632, 0.9901593034391983, 1.2504465270557776, 0.0, 0.0, 0.0, 1.0], "fov": 33.41, "aspect": 1.7777777777777777}, {"camera_to_world": [0.06585665327045842, 0.988946631362422, -0.13284374858054915, -0.7640407006280635, -0.9973053309024229, 0.06092312141920542, -0.04087114177692393, -0.13783921733098575, -0.03232612215566969, 0.13517741524921345, 0.9902939403191956, 1.25000204443273, 0.0, 0.0, 0.0, 1.0], "fov": 33.41, "aspect": 1.7777777777777777}, {"camera_to_world": [0.06315821225957119, 0.989222736714266, -0.13209624291293443, -0.7627314467501995, -0.9974921416778278, 0.058333763383286774, -0.04008240687038278, -0.13398592165271714, -0.03194475724051046, 0.13429649741181168, 0.9904261624511764, 1.2495398979144468, 0.0, 0.0, 0.0, 1.0], "fov": 33.41, "aspect": 1.7777777777777777}, {"camera_to_world": [0.06046689103292291, 0.9894895372569547, -0.13135528443055097, -0.7613915836504278, -0.9976709812887293, 0.0557495727721824, -0.039301376949205574, -0.13012324738532696, -0.0315653003026588, 0.13342578759271936, 0.9905560009520236, 1.2490605972542046, 0.0, 0.0, 0.0, 1.0], "fov": 33.41, "aspect": 1.7777777777777777}, {"camera_to_world": [0.057781524607636414, 0.9897471415523128, -0.13062117440538895, -0.7600222775659382, -0.9978420028768825, 0.05316951179946605, -0.03852713731459675, -0.12625100890365631, -0.031187059955508155, 0.13256545101960907, 0.9906834855226463, 1.2485646522052798, 0.0, 0.0, 0.0, 1.0], "fov": 33.41, "aspect": 1.7777777777777777}, {"camera_to_world": [0.05510094789407849, 0.9899956466823998, -0.12989420730375703, -0.7586246947339207, -0.9980053456275653, 0.050592540254584484, -0.03775877340953443, -0.12236902058254592, -0.030809343387653544, 0.1317156574613877, 0.99080864446145, 1.248052572520949, 0.0, 0.0, 0.0, 1.0], "fov": 33.41, "aspect": 1.7777777777777777}, {"camera_to_world": [0.05242399576269785, 0.9902351382775902, -0.12917467084779022, -0.7572000013915651, -0.9981611348510313, 0.048017615632696464, -0.036995370816526686, -0.11847709679683707, -0.030431456441884726, 0.13087658121036372, 0.9909315046709903, 1.2475248679544888, 0.0, 0.0, 0.0, 1.0], "fov": 33.41, "aspect": 1.7777777777777777}, {"camera_to_world": [0.04974950310704884, 0.9904656905320816, -0.12846284606612351, -0.7557493637760613, -0.9983094820451129, 0.045443693264448304, -0.03623601525147396, -0.11457505192137041, -0.03005270369567524, 0.1300484010716531, 0.991052091657793, 1.2469820482591756, 0.0, 0.0, 0.0, 1.0], "fov": 33.41, "aspect": 1.7777777777777777}, {"camera_to_world": [0.047076304903335364, 0.9906873662067905, -0.12775900733373266, -0.7542739481245995, -0.9984504849389302, 0.042869726445994294, -0.035479792553801404, -0.11066270033098702, -0.029672388543279894, 0.12923130035985156, 0.9911704295253356, 1.2464246231882856, 0.0, 0.0, 0.0, 1.0], "fov": 33.41, "aspect": 1.7777777777777777}, {"camera_to_world": [0.04440323626679499, 0.9909002166196107, -0.12706342240095594, -0.7527749206743695, -0.998584227517681, 0.04029466656956271, -0.0347257886730326, -0.10673985640052779, -0.02928981327956081, 0.12842546690301085, 0.9912865409601768, 1.2458531024950958, 0.0, 0.0, 0.0, 1.0], "fov": 33.41, "aspect": 1.7777777777777777}, {"camera_to_world": [0.04172913250523491, 0.991104281623016, -0.12637635241169937, -0.7512534476625607, -0.9987107800284918, 0.03771746325485359, -0.0339730896519667, -0.1028063345048337, -0.028904279185656065, 0.127631093053943, 0.9914004472112232, 1.2452679959328823, 0.0, 0.0, 0.0, 1.0], "fov": 33.41, "aspect": 1.7777777777777777}, {"camera_to_world": [0.039052829170050485, 0.9912995895689841, -0.12569805191083283, -0.7497106953263637, -0.9988301989673031, 0.03513706448158038, -0.03322078160662524, -0.09886194901874563, -0.028515086616608468, 0.12684837570887864, 0.9915121680621305, 1.2446698132549217, 0.0, 0.0, 0.0, 1.0], "fov": 33.41, "aspect": 1.7777777777777777}, {"camera_to_world": [0.03637316210503139, 0.9914861572612294, -0.12502876884078262, -0.7481478299029682, -0.9989425270467779, 0.03255241672343645, -0.03246795070313255, -0.09490651431710476, -0.028121535091072562, 0.12607751633350206, 0.9916217217968236, 1.2440590642144904, 0.0, 0.0, 0.0, 1.0], "fov": 33.41, "aspect": 1.7777777777777777}, {"camera_to_world": [0.03368896749329475, 0.9916639898947289, -0.12436874452732535, -0.7465660176295638, -0.999047793145215, 0.029962465083807843, -0.031713683131696965, -0.09093984477475167, -0.027722923383218745, 0.1253187209963818, 0.9917291251581347, 1.243436258564865, 0.0, 0.0, 0.0, 1.0], "fov": 33.41, "aspect": 1.7777777777777777}, {"camera_to_world": [0.03099908190265044, 0.9918330809825365, -0.12371821365458557, -0.7449664247433406, -0.9991460122364592, 0.02736615343351434, -0.030957065077856817, -0.08696175476652757, -0.027318549616955935, 0.1245722004098116, 0.9918343932995486, 1.242801906059322, 0.0, 0.0, 0.0, 1.0], "fov": 33.41, "aspect": 1.7777777777777777}, {"camera_to_world": [0.02830234232973583, 0.9919934122698815, -0.12307740422923782, -0.7433502174814886, -0.9992371853008062, 0.024762424550898277, -0.03019718269115925, -0.08297205866727331, -0.02690771136259318, 0.1238381699780719, 0.9919375397300525, 1.242156516451138, 0.0, 0.0, 0.0, 1.0], "fov": 33.41, "aspect": 1.7777777777777777}, {"camera_to_world": [0.025597586243232606, 0.9921449536355441, -0.12244653753391507, -0.7417185620811975, -0.999321299216892, 0.0221502202645526, -0.029433122051440115, -0.07897057085182979, -0.026489705736067327, 0.12311684985312127, 0.9920385762520834, 1.2415005994935888, 0.0, 0.0, 0.0, 1.0], "fov": 33.41, "aspect": 1.7777777777777777}, {"camera_to_world": [0.022883651626523616, 0.9922876629805181, -0.12182582806982395, -0.7400726247796575, -0.999398326634574, 0.019528481599025538, -0.028663969132881217, -0.07495710569503818, -0.026063829500864756, 0.12240846499772359, 0.9921375128925682, 1.2408346649399515, 0.0, 0.0, 0.0, 1.0], "fov": 33.41, "aspect": 1.7777777777777777}, {"camera_to_world": [0.02015937702008863, 0.9924214861039623, -0.12121548348855798, -0.7384135718140581, -0.9994682258288058, 0.016896148923782772, -0.02788880976601197, -0.07093147757173908, -0.025629379172765275, 0.12171324525600452, 0.992234357827056, 1.2401592225435027, 0.0, 0.0, 0.0, 1.0], "fov": 33.41, "aspect": 1.7777777777777777}, {"camera_to_world": [0.017423601564013236, 0.9925463565664547, -0.12061570451311404, -0.7367425694215896, -0.999530940534519, 0.014252162105780286, -0.027106729597841474, -0.06689350085677362, -0.025185651127545818, 0.12103142543144274, 0.9923291172969353, 1.2394747820575185, 0.0, 0.0, 0.0, 1.0], "fov": 33.41, "aspect": 1.7777777777777777}, {"camera_to_world": [0.014675165040931804, 0.9926621955405561, -0.12002668484809566, -0.7350607838394415, -0.999586399762515, 0.011595460665948631, -0.02631681405029719, -0.06284298992498272, -0.024731941711780267, 0.12036324537227756, 0.9924217955197366, 1.2387818532352755, 0.0, 0.0, 0.0, 1.0], "fov": 33.41, "aspect": 1.7777777777777777}, {"camera_to_world": [0.01191290791977373, 0.9927689116487118, -0.11944861107910276, -0.7333693813048041, -0.9996345175963944, 0.008924983939939346, -0.025518148277160452, -0.05877975915120746, -0.024267547356878, 0.11970895006432719, 0.9925123945925199, 1.2380809458300504, 0.0, 0.0, 0.0, 1.0], "fov": 33.41, "aspect": 1.7777777777777777}, {"camera_to_world": [0.009135671400661183, 0.9928664007885055, -0.11888166256129527, -0.731669528054867, -0.9996751929705392, 0.006239671243459477, -0.024709817119689323, -0.05470362291028854, -0.0237917646965098, 0.11906878973119729, 0.9926009143883426, 1.2373725695951192, 0.0, 0.0, 0.0, 1.0], "fov": 33.41, "aspect": 1.7777777777777777}, {"camera_to_world": [0.006342297461325974, 0.9929545459452951, -0.11832601129711826, -0.7299623903268203, -0.9997083094291728, 0.0035384620425431557, -0.023890905061125144, -0.05061439557706717, -0.02330389068757125, 0.11844301994185719, 0.9926873524458114, 1.236657234283759, 0.0, 0.0, 0.0, 1.0], "fov": 33.41, "aspect": 1.7777777777777777}, {"camera_to_world": [0.003531628905421913, 0.9930332169922611, -0.1177818218031746, -0.728249134357854, -0.999733734866529, 0.000820296129114495, -0.02306049618028585, -0.04651189152638402, -0.022803222734841824, 0.11783190172555541, 0.9927717038517184, 1.2359354496492456, 0.0, 0.0, 0.0, 1.0], "fov": 33.41, "aspect": 1.7777777777777777}, {"camera_to_world": [0.0007025094131090093, 0.9931022704779111, -0.11724925096623298, -0.7265309263851576, -0.9997513212481719, -0.0019158861978020303, -0.022217674104457706, -0.042395925133080235, -0.02228905881950405, 0.11723570169404568, 0.9928539611167623, 1.2352077254448561, 0.0, 0.0, 0.0, 1.0], "fov": 33.41, "aspect": 1.7777777777777777}, {"camera_to_world": [-0.0021462164056801347, 0.9931615494010615, -0.11672844788834916, -0.7248089326459215, -0.9997609043134874, -0.0046711439448364755, -0.021361521961801452, -0.038266310771996624, -0.02176069763169134, 0.11665469217108103, 0.992934114044357, 1.2344745714238665, 0.0, 0.0, 0.0, 1.0], "fov": 33.41, "aspect": 1.7777777777777777}, {"camera_to_world": [-0.005015702954924817, 0.9932108829733698, -0.11621955372108372, -0.7230843193773352, -0.9997623032594164, -0.0074465352306472, -0.020491122333493643, -0.034122862817974