{"default_fov": 25.0, "default_transition_sec": 5.0, "keyframes": [{"matrix": [0.11411424368304068, -0.038738452649212274, 0.9927120789408139, 0.4901970253936292, 0.9933863157213692, 0.017234065475635885, -0.11351922623373656, -0.046890525428929034, -0.01271090579668993, 0.9991007553162627, 0.04044890110128374, -0.05817804130401967, 0.0, 0.0, 0.0, 1.0], "fov": 25.0, "aspect": 1.7777777777777777, "override_transition_enabled": false, "override_transition_sec": null}, {"matrix": [0.37479070805733394, 0.07079921542173878, 0.9244021831700467, 0.4077440956842359, 0.8264154500160275, 0.4264024094352602, -0.36772066735854203, -0.3308532997643926, -0.4202016529342657, 0.9017585354868958, 0.10130209547605645, 0.017635887043959506, 0.0, 0.0, 0.0, 1.0], "fov": 25.0, "aspect": 1.7777777777777777, "override_transition_enabled": false, "override_transition_sec": null}, {"matrix": [0.3065526800040613, -0.23200479710967653, 0.9231463743634732, 0.4065094305199469, 0.9003591363886598, 0.38534757417997495, -0.20214023002627568, -0.1680607307998941, -0.3088347129190542, 0.8931299016334112, 0.3270169703616296, 0.239550412003662, 0.0, 0.0, 0.0, 1.0], "fov": 25.0, "aspect": 1.7777777777777777, "override_transition_enabled": false, "override_transition_sec": null}, {"matrix": [0.02665303016629539, -0.2904631467435655, 0.9565149117325775, 0.43931614412424, 0.992979686587323, -0.1026172090868912, -0.05883069287505677, -0.027164086452608087, 0.11524303886958442, 0.9513678935002186, 0.28568894484921925, 0.1989182236095755, 0.0, 0.0, 0.0, 1.0], "fov": 25.0, "aspect": 1.7777777777777777, "override_transition_enabled": false, "override_transition_sec": null}, {"matrix": [-0.2552067629720185, -0.11993236460718332, 0.9594194786708647, 0.4359881155502494, 0.8264025604427749, -0.5421616636330756, 0.1520511051595551, 0.23768668136417276, 0.501924612095253, 0.8316711840663628, 0.23747573637465394, 0.1396706814354725, 0.0, 0.0, 0.0, 1.0], "fov": 25.0, "aspect": 1.7777777777777777, "override_transition_enabled": false, "override_transition_sec": null}, {"matrix": [-0.22832176575700414, 0.05761949968741287, 0.9718791923574537, 0.42956768674304735, 0.854320915333455, -0.46687967150502974, 0.22838376903616348, 0.34923426478049, 0.46690999657901067, 0.8824417066249353, 0.05737324728007187, -0.053664644756899374, 0.0, 0.0, 0.0, 1.0], "fov": 25.0, "aspect": 1.7777777777777777, "override_transition_enabled": false, "override_transition_sec": null}], "camera_type": "perspective", "render_height": 1080.0, "render_width": 1920.0, "fps": 30.0, "seconds": 30.0, "is_cycle": true, "smoothness_value": 0.0, "camera_path": [{"camera_to_world": [0.11411424368304068, -0.038738452649212274, 0.9927120789408139, 0.4901970253936292, 0.9933863157213692, 0.017234065475635885, -0.11351922623373656, -0.046890525428929034, -0.01271090579668993, 0.9991007553162627, 0.04044890110128374, -0.05817804130401967, 0.0, 0.0, 0.0, 1.0], "fov": 25.0, "aspect": 1.7777777777777777}, {"camera_to_world": [0.11627927578065594, -0.038580621858972874, 0.9924669594706422, 0.49011614925755803, 0.9930908388245028, 0.020414513924596644, -0.11555878791363461, -0.04916237732606463, -0.0158024006648384, 0.9990469374549915, 0.040687847018864465, -0.057940039697091106, 0.0, 0.0, 0.0, 1.0], "fov": 25.0, "aspect": 1.7777777777777777}, {"camera_to_world": [0.11845492133388547, -0.03839646222070431, 0.9922167824123501, 0.49001914437523775, 0.9927793536705078, 0.02360946478650683, -0.11760845249412805, -0.05144381764297815, -0.018909958681919137, 0.9989836359327557, 0.04091587224072568, -0.05770133277822419, 0.0, 0.0, 0.0, 1.0], "fov": 25.0, "aspect": 1.7777777777777777}, {"camera_to_world": [0.12064074315618911, -0.038186216079378, 0.9919615032813829, 0.48990621012491975, 0.9924516865148933, 0.02681842669703305, -0.11966796531753643, -0.05373454896337857, -0.022033180080635262, 0.9989106991573543, 0.04113336947661089, -0.05746186208228852, 0.0, 0.0, 0.0, 1.0], "fov": 25.0, "aspect": 1.7777777777777777}, {"camera_to_world": [0.12283630476679003, -0.03795012955809357, 0.9917010789031967, 0.4897775458848554, 0.9921076703662608, 0.030040907977014586, -0.12173707014852825, -0.05603427387097483, -0.025171663267877675, 0.9988279789405383, 0.04134072875371353, -0.057221569144153675, 0.0, 0.0, 0.0, 1.0], "fov": 25.0, "aspect": 1.7777777777777777}, {"camera_to_world": [0.1250411704890893, -0.03768845260225939, 0.991435467503138, 0.4896333510332963, 0.9917471450852609, 0.03327641671855747, -0.12381550914811784, -0.058342694949475894, -0.028325004818238853, 0.9987353306210911, 0.04153833736714302, -0.05698039549868923, 0.0, 0.0, 0.0, 1.0], "fov": 25.0, "aspect": 1.7777777777777777}, {"camera_to_world": [0.12725490554904223, -0.03740143902154247, 0.9911646287942393, 0.4894738249484939, 0.9913699574806656, 0.03652446087212319, -0.12590302285006433, -0.060659514782590705, -0.031492799470473065, 0.9986326131852086, 0.04172657983101408, -0.05673828268076477, 0.0, 0.0, 0.0, 1.0], "fov": 25.0, "aspect": 1.7777777777777777}, {"camera_to_world": [0.12947707617347898, -0.037089346529587675, 0.9908885240629115, 0.4892991670086996, 0.9909759614025149, 0.039784548334585945, -0.12799935013965574, -0.06298443595402822, -0.034674640126875655, 0.9985196893841508, 0.04190583783019386, -0.05649517222524991, 0.0, 0.0, 0.0, 1.0], "fov": 25.0, "aspect": 1.7777777777777777}, {"camera_to_world": [0.13170724968832143, -0.0367524367814826, 0.9906071162525341, 0.48910957659216503, 0.9905650178323206, 0.04305618703820363, -0.13010422823484857, -0.0653171610474974, -0.03787011785554001, 0.9983964258491487, 0.04207649017269821, -0.05625100566701421, 0.0, 0.0, 0.0, 1.0], "fov": 25.0, "aspect": 1.7777777777777777}, {"camera_to_world": [0.13394499461666104, -0.036390975408968906, 0.9903203700449299, 0.4889052530771415, 0.9901369949703047, 0.04633888504045308, -0.13221739266973564, -0.0676573926467072, -0.041078821895448814, 0.9982626932035434, 0.04223891274276004, -0.05600572454092725, 0.0, 0.0, 0.0, 1.0], "fov": 25.0, "aspect": 1.7777777777777777}, {"camera_to_world": [0.13618988077665412, -0.036005232053376524, 0.9900282519397229, 0.48868639584188056, 0.9896917683196436, 0.049632150614678794, -0.13433857728031406, -0.07000483333536658, -0.04430033966436142, 0.9981183661721411, 0.04239347845456726, -0.05575927038185863, 0.0, 0.0, 0.0, 1.0], "fov": 25.0, "aspect": 1.7777777777777777}, {"camera_to_world": [0.13844147937919815, -0.03559548039629046, 0.9897307303315668, 0.4884532042646336, 0.9892292207677024, 0.05293549234150452, -0.136467514192526, -0.07235918569718447, -0.04753425676944789, 0.9979633236877596, 0.042540557206698415, -0.05551158472467793, 0.0, 0.0, 0.0, 1.0], "fov": 25.0, "aspect": 1.7777777777777777}, {"camera_to_world": [0.14069936312534415, -0.035161998187936305, 0.9894277755852391, 0.4882058777236523, 0.9887492426642268, 0.05624841920096091, -0.1386039338125395, -0.07472015231586986, -0.05078015702063554, 0.9977974489949473, 0.042680515837265454, -0.055262609104254734, 0.0, 0.0, 0.0, 1.0], "fov": 25.0, "aspect": 1.7777777777777777}, {"camera_to_world": [0.1429631063033996, -0.03470506727327671, 0.9891193601085968, 0.4879446155971879, 0.9882517318964845, 0.059570440665255076, -0.1407475648192394, -0.07708743577513166, -0.054037622446602596, 0.997620629750861, 0.04281371807976703, -0.05501228505545863, 0.0, 0.0, 0.0, 1.0], "fov": 25.0, "aspect": 1.7777777777777777}, {"camera_to_world": [0.1452322848856794, -0.03422497361583199, 0.988805458423385, 0.4876696172634919, 0.9877365939613234, 0.06290106679214802, -0.14289813415889518, -0.07946073865867886, -0.05730623331339019, 0.9974327581232759, 0.04294052451968833, -0.0547605541131592, 0.0, 0.0, 0.0, 1.0], "fov": 25.0, "aspect": 1.7777777777777777}, {"camera_to_world": [0.1475064766248596, -0.03372200731920838, 0.9884860472338917, 0.4873810821008159, 0.9872037420341351, 0.06623980831886611, -0.1450553670419723, -0.08183976355022042, -0.06058556814556698, 0.9972337308857155, 0.043061292551846764, -0.05450735781222603, 0.0, 0.0, 0.0, 1.0], "fov": 25.0, "aspect": 1.7777777777777777}, {"camera_to_world": [0.1497852611498829, -0.03319646264634929, 0.9881611054934469, 0.4870792094874113, 0.986653097034702, 0.06958617675649814, -0.147218986942053, -0.08422421303346528, -0.06387520374990846, 0.9970234495096808, 0.04317637633851129, -0.054252637687528714, 0.0, 0.0, 0.0, 1.0], "fov": 25.0, "aspect": 1.7777777777777777}, {"camera_to_world": [0.15206822006137233, -0.03264863803650481, 0.9878306144687596, 0.48676419880152955, 0.9860845876899136, 0.07293968448480281, -0.14938871559683087, -0.08661378969212238, -0.06717471524152091, 0.9968018202539654, 0.04328612676830612, -0.053996335273936824, 0.0, 0.0, 0.0, 1.0], "fov": 25.0, "aspect": 1.7777777777777777}, {"camera_to_world": [0.15435493702650505, -0.032078836119927956, 0.9874945578020846, 0.48643624942142216, 0.9854981505933271, 0.07629984484738517, -0.1515642730111451, -0.0890081961099007, -0.07048367607237577, 0.9965687542510331, 0.043390891415925614, -0.05373839210631994, 0.0, 0.0, 0.0, 1.0], "fov": 25.0, "aspect": 1.7777777777777777}, {"camera_to_world": [0.15664499787329023, -0.031487363730306195, 0.9871529215712187, 0.48609556072534055, 0.9848937302615701, 0.07966617224715988, -0.1537453774620101, -0.09140713487050918, -0.07380165806218053, 0.9963241675904493, 0.0434910145026734, -0.05347874971954767, 0.0, 0.0, 0.0, 1.0], "fov": 25.0, "aspect": 1.7777777777777777}, {"camera_to_world": [0.15893799068421077, -0.030874531914932835, 0.9868056943473216, 0.48574233209153617, 0.9842712791875561, 0.08303818224205128, -0.1559317455056145, -0.09381030855765679, -0.07712823143154246, 0.9960679813993468, 0.04358683685784903, -0.053217349648489586, 0.0, 0.0, 0.0, 1.0], "fov": 25.0, "aspect": 1.7777777777777777}, {"camera_to_world": [0.16123350588916535, -0.030240655942635086, 0.9864528672505584, 0.4853767628982606, 0.9836307578905157, 0.08641539164085371, -0.15812309198623525, -0.09621741975505245, -0.08046296483735876, 0.9958001219199146, 0.043678695881000595, -0.05295413342801527, 0.0, 0.0, 0.0, 1.0], "fov": 25.0, "aspect": 1.7777777777777777}, {"camera_to_world": [0.16353113635767513, -0.029586055309461234, 0.9860944340035557, 0.48499905252376524, 0.9829721349628143, 0.0897973185991977, -0.1603191300470435, -0.09862817104640516, -0.08380542541037628, 0.9955205205838902, 0.04376692550506811, -0.05268904259299432, 0.0, 0.0, 0.0, 1.0], "fov": 25.0, "aspect": 1.7777777777777777}, {"camera_to_world": [0.16583047749028373, -0.028911053742153858, 0.9857303909826778, 0.4846094003463016, 0.9822953871135608, 0.09318348271554439, -0.16251957114274457, -0.10104226501542382, -0.08715517879486151, 0.9952291140840486, 0.0438518561604363, -0.05242201867829631, 0.0, 0.0, 0.0, 1.0], "fov": 25.0, "aspect": 1.7777777777777777}, {"camera_to_world": [0.168131127309117, -0.02821597919941049, 0.9853607372671106, 0.4842080057441212, 0.9816004992089871, 0.09657340512714901, -0.16472412505402634, -0.10345940424581745, -0.09051178919031744, 0.994925844442673, 0.043933814739919475, -0.052153003218790815, 0.0, 0.0, 0.0, 1.0], "fov": 25.0, "aspect": 1.7777777777777777}, {"camera_to_world": [0.17043268654753335, -0.027501163870960077, 0.9849854746857605, 0.48379506809547534, 0.9808874643095975, 0.09996660860591705, -0.1669324999037612, -0.10587929132129495, -0.09387481939518244, 0.9946106590769948, 0.04401312456470097, -0.05188193774934745, 0.0, 0.0, 0.0, 1.0], "fov": 25.0, "aspect": 1.7777777777777777}, {"camera_to_world": [0.17273475873882327, -0.026766944174464347, 0.9846046078619586, 0.4833707867786156, 0.9801562837040735, 0.10336261765409016, -0.16914440217492865, -0.10830162882556531, -0.09724383085245142, 0.9942835108615928, 0.04409010535125002, -0.051608763804835776, 0.0, 0.0, 0.0, 1.0], "fov": 25.0, "aspect": 1.7777777777777777}, {"camera_to_world": [0.17503695030389188, -0.02601366075027267, 0.9842181442559789, 0.48293536117179353, 0.9794069669399365, 0.1067609585996886, -0.1713595367302035, -0.11072611934233748, -0.10061838369715159, 0.9939443581877436, 0.04416507317923851, -0.051333422920125396, 0.0, 0.0, 0.0, 1.0], "fov": 25.0, "aspect": 1.7777777777777777}, {"camera_to_world": [0.17733887063788256, -0.025241658454046523, 0.9838260942053579, 0.48248899065326045, 0.9786395318509573, 0.11016115969163887, -0.17357760683317613, -0.11315246545532039, -0.10399803680560404, 0.9935931650197091, 0.04423834046048447, -0.05105585663008587, 0.0, 0.0, 0.0, 1.0], "fov": 25.0, "aspect": 1.7777777777777777}, {"camera_to_world": [0.17964013219567887, -0.024451286347277834, 0.9834284709630297, 0.48203187460126784, 0.9778540045813133, 0.11356275119451764, -0.1757983141711572, -0.11558036974822301, -0.10738234784641176, 0.9932299009479606, 0.04431021590893819, -0.0507760064695868, 0.0, 0.0, 0.0, 1.0], "fov": 25.0, "aspect": 1.7777777777777777}, {"camera_to_world": [0.18194035057622848, -0.023642897685726805, 0.9830252907332655, 0.4815642123940672, 0.9770504196064917, 0.11696526548283814, -0.1780213588795102, -0.11800953480475432, -0.1107708733330981, 0.9928545412393254, 0.044381004511742095, -0.05049381397349777, 0.0, 0.0, 0.0, 1.0], "fov": 25.0, "aspect": 1.7777777777777777}, {"camera_to_world": [0.18423914460564128, -0.022816849905804792, 0.9826165727054259, 0.48108620340991015, 0.9762288197509355, 0.12036823713480738, -0.18024643956748304, -0.1204396632086232, -0.11416316867833148, 0.9924670668840527, 0.04445100750138398, -0.05020922067668837, 0.0, 0.0, 0.0, 1.0], "fov": 25.0, "aspect": 1.7777777777777777}, {"camera_to_world": [0.18653613641900174, -0.021973504608927608, 0.9822023390855232, 0.480598047027048, 0.9753892562024364, 0.12377120302548178, -0.18247325334547781, -0.12287045754353869, -0.11755878824966454, 0.9920674646397929, 0.044520522328967915, -0.04992216811402818, 0.0, 0.0, 0.0, 1.0], "fov": 25.0, "aspect": 1.7777777777777777}, {"camera_to_world": [0.18883095154084034, -0.021113227543874125, 0.9817826151255995, 0.4800999426237323, 0.974531788523278, 0.12717370241924902, -0.18470149585371753, -0.12530162039320972, -0.12095728542672135, 0.9916557270724858, 0.04458984263862925, -0.04963259782038677, 0.0, 0.0, 0.0, 1.0], "fov": 25.0, "aspect": 1.7777777777777777}, {"camera_to_world": [0.19112321896420498, -0.020236388587172638, 0.9813574291509233, 0.4795920895782144, 0.9736564846581321, 0.13057527706155886, -0.18693086129225867, -0.12773285434134524, -0.12435821265975583, 0.9912318525941577, 0.04465925824311057, -0.04934045133063376, 0.0, 0.0, 0.0, 1.0], "fov": 25.0, "aspect": 1.7777777777777777}, {"camera_to_world": [0.19341257122828986, -0.019343361721553265, 0.9809268125850016, 0.47907468726874586, 0.9727634209387103, 0.1339754712698376, -0.18916104245230442, -0.13016386197165414, -0.12776112152951413, 0.9907958454976151, 0.044729055100534265, -0.0490456701796387, 0.0, 0.0, 0.0, 1.0], "fov": 25.0, "aspect": 1.7777777777777777}, {"camera_to_world": [0.19569864449455132, -0.01843452501249393, 0.9804907999724213, 0.4785479350735781, 0.9718526820851858, 0.13737383202350328, -0.19139173074876775, -0.13259434586784546, -0.13116556280832897, 0.9903477159880472, 0.04479951529238063, -0.0487481959022712, 0.0, 0.0, 0.0, 1.0], "fov": 25.0, "aspect": 1.7777777777777777}, {"camera_to_world": [0.1979810786212607, -0.017510260582899395, 0.9800494289995181, 0.47801203237096274, 0.9709243612043896, 0.14076990905301023, -0.1936226162540295, -0.13502400861362818, -0.134571086522366, 0.989887480211527, 0.044870917002705735, -0.04844797003340083, 0.0, 0.0, 0.0, 1.0], "fov": 25.0, "aspect": 1.7777777777777777}, {"camera_to_world": [0.20025951723644903, -0.016570954585944486, 0.9796027405128749, 0.47746717853915105, 0.9699785597847865, 0.14416325492785892, -0.19585338773285543, -0.13745255279271112, -0.13797724201496214, 0.9894151602804131, 0.04494353449862182, -0.048144934107897185, 0.0, 0.0, 0.0, 1.0], "fov": 25.0, "aspect": 1.7777777777777777}, {"camera_to_world": [0.20253360780917024, -0.01561699717612125, 0.9791507785356667, 0.47691357295639475, 0.9690153876882539, 0.14755342514348185, -0.19808373267840496, -0.13987968098880338, -0.14138357801097012, 0.9889307842956593, 0.045017638112055336, -0.04783902966062985, 0.0, 0.0, 0.0, 1.0], "fov": 25.0, "aspect": 1.7777777777777777}, {"camera_to_world": [0.20480300171904597, -0.014648782478524858, 0.9786935902818434, 0.476351415000945, 0.9680349631386649, 0.15093997820694038, -0.2003133373492929, -0.14230509578561384, -0.14478964268203626, 0.9884343863660272, 0.04509349422281406, -0.047530198226468395, 0.0, 0.0, 0.0, 1.0], "fov": 25.0, "aspect": 1.7777777777777777}, {"camera_to_world": [0.20706735432402662, -0.013666708556421936, 0.9782312261681703, 0.47578090405105344, 0.9670374127072986, 0.15432247572136276, -0.2025418868076504, -0.14472849976685145, -0.14819498371274836, 0.9879260066242123, 0.04517136524298343, -0.047218381340282424, 0.0, 0.0, 0.0, 1.0], "fov": 25.0, "aspect": 1.7777777777777777}, {"camera_to_world": [0.20932632502631987, -0.012671177377135134, 0.9777637398241216, 0.4752022394849716, 0.9660228712950878, 0.15770048246903878, -0.20476906495812963, -0.14714959551622517, -0.15159914836756105, 0.9874056912398822, 0.045251509602670936, -0.04690352053694151, 0.0, 0.0, 0.0, 1.0], "fov": 25.0, "aspect": 1.7777777777777777}, {"camera_to_world": [0.21157957733643484, -0.011662594776291169, 0.9772911880996469, 0.4746156206809508, 0.964991482111725, 0.1610735664931101, -0.20699455458780908, -0.149568085617444, -0.1550016835584423, 0.9868734924296392, 0.04533418173712628, -0.046585557351315254, 0.0, 0.0, 0.0, 1.0], "fov": 25.0, "aspect": 1.7777777777777777}, {"camera_to_world": [0.21382677893527685, -0.01064137042047164, 0.9768136310708091, 0.4740212470172427, 0.9639433966516485, 0.16444129917776923, -0.20921803740693623, -0.15198367265421686, -0.15840213591314684, 0.9863294684639113, 0.04541963207525229, -0.04626443331827322, 0.0, 0.0, 0.0, 1.0], "fov": 25.0, "aspect": 1.7777777777777777}, {"camera_to_world": [0.21606760173426387, -0.009607917768309548, 0.9763311320433048, 0.47341931787209857, 0.9628787746669167, 0.1678032553269152, -0.21143919409046902, -0.15439605921025268, -0.16180005184405993, 0.9857736836707742, 0.045508107029539335, -0.04594008997268501, 0.0, 0.0, 0.0, 1.0], "fov": 25.0, "aspect": 1.7777777777777777}, {"camera_to_world": [0.21830172193338648, -0.008562654030076278, 0.9758437575538819, 0.47281003262377, 0.9617977841370112, 0.171159013241169, -0.21365770432035514, -0.1568049478692604, -0.16519497761752128, 0.9852062084367263, 0.045599848987425806, -0.045612468849420204, 0.0, 0.0, 0.0, 1.0], "fov": 25.0, "aspect": 1.7777777777777777}, {"camera_to_world": [0.22052882007717645, -0.007506000125804713, 0.9753515773696579, 0.4721935906505085, 0.9607006012355755, 0.17450815479319737, -0.21587324682849685, -0.1592100412149491, -0.16858645942356093, 0.9846271192044148, 0.045695096304123994, -0.04528151148334837, 0.0, 0.0, 0.0, 1.0], "fov": 25.0, "aspect": 1.7777777777777777}, {"camera_to_world": [0.22274858110853113, -0.006438380641995312, 0.9748546644853503, 0.4715701913305653, 0.9595874102941226, 0.1778502655012626, -0.21808549944035643, -0.16161104183102765, -0.17197404344596723, 0.9840364984673278, 0.045794083296921806, -0.044947159409339126, 0.0, 0.0, 0.0, 1.0], "fov": 25.0, "aspect": 1.7777777777777777}, {"camera_to_world": [0.22496069442033895, -0.005360223786946949, 0.9743530951184345, 0.4709400340421922, 0.9584584037627351, 0.18118493460093466, -0.2202941391191453, -0.1640076523012049, -0.17535727593262052, 0.9834344347614685, 0.04589704024097807, -0.04460935416226204, 0.0, 0.0, 0.0, 1.0], "fov": 25.0, "aspect": 1.7777777777777777}, {"camera_to_world": [0.2271648539048583, -0.004271961344766428, 0.9738469487022348, 0.4703033181636405, 0.9573137821677864, 0.18451175511488682, -0.2224988420105417, -0.16639957520918996, -0.17873570326600213, 0.9828210226540196, 0.04600419336663519, -0.044268037276986694, 0.0, 0.0, 0.0, 1.0], "fov": 25.0, "aspect": 1.7777777777777777}, {"camera_to_world": [0.22936075800080297, -0.0031740286281026764, 0.9733363078769666, 0.4696602430731617, 0.9561537540667123, 0.18783032392071625, -0.2246992834878917, -0.16878651313869178, -0.18210887203381992, 0.982196362729015, 0.046115764858267405, -0.04392315028838267, 0.0, 0.0, 0.0, 1.0], "fov": 25.0, "aspect": 1.7777777777777777}, {"camera_to_world": [0.23154810973808593, -0.002066864429650539, 0.9728212584787348, 0.4690110081490072, 0.954978535999859, 0.19114024181671052, -0.22689513819783724, -0.17116816867341922, -0.18547632909966044, 0.9815605615700334, 0.04623197285467767, -0.043574634731319575, 0.0, 0.0, 0.0, 1.0], "fov": 25.0, "aspect": 1.7777777777777777}, {"camera_to_world": [0.2337266167801743, -0.000950910972480179, 0.9723018895265072, 0.4683558127694286, 0.9537883524394442, 0.19444111358550326, -0.2290860801063226, -0.1735442443970813, -0.18883762167360757, 0.9809137317399284, 0.04635303145106767, -0.04322243214066697, 0.0, 0.0, 0.0, 1.0], "fov": 25.0, "aspect": 1.7777777777777777}, {"camera_to_world": [0.2358959914640048, 0.00017338614076134462, 0.9717782932070775, 0.4676948563126773, 0.9525834357356626, 0.19773254805553736, -0.23127178254492198, -0.17591444289338695, -0.19219229738273907, 0.9802559917576179, 0.046479150702589456, -0.04286648405129445, 0.0, 0.0, 0.0, 1.0], "fov": 25.0, "aspect": 1.7777777777777777}, {"camera_to_world": [0.23805595083742243, 0.001305577979727024, 0.9712505648580234, 0.46702833815700473, 0.9513640260599681, 0.2010141581602854, -0.23345191825744388, -0.17827846674604517, -0.19553990434143936, 0.9795874660719432, 0.04661053662950232, -0.042506731998071604, 0.0, 0.0, 0.0, 1.0], "fov": 25.0, "aspect": 1.7777777777777777}, {"camera_to_world": [0.24020621669408987, 0.002445212339270142, 0.970718802948685, 0.46635645768066236, 0.9501303713455695, 0.20428556099514888, -0.23562615944675497, -0.18063601853876482, -0.1988799912214455, 0.9789082850326241, 0.046747391223944945, -0.042143117515868, 0.0, 0.0, 0.0, 1.0], "fov": 25.0, "aspect": 1.7777777777777777}, {"camera_to_world": [0.2423465156058338, 0.00359183379331951, 0.9701831090591673, 0.46567941426190185, 0.9488827272251743, 0.20754637787197988, -0.23779417782178025, -0.18298680085525496, -0.20221210732156097, 0.978218584858324, 0.04688991245834162, -0.04177558213955325, 0.0, 0.0, 0.0, 1.0], "fov": 25.0, "aspect": 1.7777777777777777}, {"camera_to_world": [0.24447657895236957, 0.0047449837496790215, 0.9696435878573947, 0.46499740727897443, 0.9476213569660226, 0.21079623437115896, -0.2399556446446166, -0.18533051627922445, -0.20553580263696125, 0.9775185076018534, 0.04703829429545037, -0.04140406740399692, 0.0, 0.0, 0.0, 1.0], "fov": 25.0, "aspect": 1.7777777777777777}, {"camera_to_world": [0.2465961429483849, 0.005904200505690738, 0.9691003470742171, 0.46431063611013174, 0.9463465314022411, 0.21403476039116515, -0.24211023077772492, -0.1876668673943823, -0.20885062792801568, 0.9768082011125239, 0.047192726700079346, -0.041028514844068595, 0.0, 0.0, 0.0, 1.0], "fov": 25.0, "aspect": 1.7777777777777777}, {"camera_to_world": [0.24870494866791582, 0.007069019304725199, 0.9685534974766024, 0.46361930013362507, 0.945058528864571, 0.21726159019557545, -0.24425760673113678, -0.18999555678443747, -0.21215613478856138, 0.9760878189956881, 0.047353395652461494, -0.04064886599463788, 0.0, 0.0, 0.0, 1.0], "fov": 25.0, "aspect": 1.7777777777777777}, {"camera_to_world": [0.2508027420660017, 0.008238972393425192, 0.9680031528389126, 0.46292359872770605, 0.943757635107491, 0.2204763624574464, -0.24639744270963682, -0.19231628703309891, -0.2154518757135584, 0.9753575205694748, 0.047520483163330296, -0.040265062390574334, 0.0, 0.0, 0.0, 1.0], "fov": 25.0, "aspect": 1.7777777777777777}, {"camera_to_world": [0.25288927399755945, 0.009413589079670492, 0.9674494299122958, 0.4622237312706261, 0.9424441432337979, 0.22367872030099312, -0.2485294086598656, -0.19462876072407553, -0.21873740416604498, 0.9746174708187562, 0.047694167290676326, -0.039877045566747565, 0.0, 0.0, 0.0, 1.0], "fov": 25.0, "aspect": 1.7777777777777777}, {"camera_to_world": [0.2549643002334503, 0.01059239579119764, 0.9668924483922035, 0.46151989714063674, 0.9411183536166725, 0.22686831134053398, -0.25065317431729944, -0.19693268044107634, -0.22201227464334244, 0.9738678403463672, 0.047874622158215696, -0.039484757058027134, 0.0, 0.0, 0.0, 1.0], "fov": 25.0, "aspect": 1.7777777777777777}, {"camera_to_world": [0.25702758147370247, 0.011774916134824731, 0.9663323308840479, 0.46081229571598936, 0.9397805738192788, 0.23004478771662878, -0.2527684092530517, -0.19922774876781027, -0.22527604274242363, 0.9731088053215986, 0.048062017975576854, -0.03908813839928265, 0.0, 0.0, 0.0, 1.0], "fov": 25.0, "aspect": 1.7777777777777777}, {"camera_to_world": [0.25907888335784973, 0.012960670956230713, 0.9657692028670275, 0.46010112637493544, 0.9384311185119443, 0.23320780612936082, -0.2548747829204601, -0.20151366828798625, -0.2285282652243938, 0.9723405474260007, 0.048256521060207946, -0.03868713112538369, 0.0, 0.0, 0.0, 1.0], "fov": 25.0, "aspect": 1.7777777777777777}, {"camera_to_world": [0.26111797647235485, 0.014149178400233164, 0.9652031926561273, 0.4593865884957265, 0.9370703093869621, 0.23635702786869844, -0.25697196470140116, -0.2037901415853133, -0.23176850007799948, 0.9715632537965161, 0.04845829386101669, -0.03828167677119983, 0.0, 0.0, 0.0, 1.0], "fov": 25.0, "aspect": 1.7777777777777777}, {"camera_to_world": [0.2631446363550844, 0.015339953971514664, 0.9646344313623181, 0.45866888145661405, 0.9356984750710633, 0.23949211884190075, -0.2590596239522944, -0.2060568712435003, -0.2349963065821199, 0.9707771169659745, 0.048667494983753945, -0.037871716871600666, 0.0, 0.0, 0.0, 1.0], "fov": 25.0, "aspect": 1.7777777777777777}, {"camera_to_world": [0.2651586434968047, 0.0165325105957434, 0.9640630528509722, 0.45794820463584945, 0.9343159510356018, 0.2426127495978982, -0.26113743004974777, -0.2083135598462563, -0.23821124536716115, 0.9699823348009744, 0.048884279218140314, -0.037457192961455776, 0.0, 0.0, 0.0, 1.0], "fov": 25.0, "aspect": 1.7777777777777777}, {"camera_to_world": [0.26715978333966167, 0.01772635868103367, 0.9634891936985159, 0.4572247574116842, 0.9329230795045084, 0.24571859534860835, -0.26320505243579917, -0.21055990997729018, -0.24141287847529996, 0.9691791104371876, 0.049108797566748685, -0.03703804657563476, 0.0, 0.0, 0.0, 1.0], "fov": 25.0, "aspect": 1.7777777777777777}, {"camera_to_world": [0.26914784627262445, 0.018921006179698774, 0.9629129931473328, 0.4564987391623698, 0.9315202093600508, 0.2488093359871304, -0.2652621606627124, -0.21279562422031092, -0.24460076941950754, 0.9683676522121085, 0.049341197275642124, -0.03661421924900718, 0.0, 0.0, 0.0, 1.0], "fov": 25.0, "aspect": 1.7777777777777777}, {"camera_to_world": [0.27112262762385764, 0.020115958650241184, 0.9623345930589406, 0.4557703492661577, 0.9301076960464535, 0.2518846561027782, -0.26730842443728425, -0.21502040515902743, -0.24777448324129986, 0.9675481735952824, 0.049581621866775394, -0.03618565251644264, 0.0, 0.0, 0.0, 1.0], "fov": 25.0, "aspect": 1.7777777777777777}, {"camera_to_world": [0.27308392764999606, 0.021310719319530103, 0.9617541378654609, 0.45503978710129944, 0.9286859014714287, 0.2549442449928962, -0.26934351366461734, -0.21723395537714874, -0.25093358656714637, 0.9667208931160463, 0.04983021117216063, -0.03575228791281072, 0.0, 0.0, 0.0, 1.0], "fov": 25.0, "aspect": 1.7777777777777777}, {"camera_to_world": [0.2750315515222993, 0.02250478914511239, 0.9611717745193993, 0.4543072520460464, 0.9272551939056606, 0.25798779667142324, -0.2713670984913244, -0.2194359774583837, -0.25407764766349006, 0.9658860342888071, 0.050087101369803766, -0.03531406697298099, 0.0, 0.0, 0.0, 1.0], "fov": 25.0, "aspect": 1.7777777777777777}, {"camera_to_world": [0.2769653093096571, 0.02369766687761571, 0.9605876524417558, 0.45357294347865007, 0.9258159478802985, 0.2610150098741527, -0.27337884934811635, -0.22162617398644144, -0.2572062364903116, 0.9650438255358942, 0.05035242502140658, -0.03487093123182306, 0.0, 0.0, 0.0, 1.0], "fov": 25.0, "aspect": 1.7777777777777777}, {"camera_to_world": [0.2788850159584234, 0.024888849123178125, 0.9600019234684865, 0.45283706077736197, 0.9243685440825082, 0.2640255880606479, -0.27537843699173903, -0.22380424754503067, -0.2603189247531843, 0.9641945001080191, 0.05062631111184451, -0.034422822224206506, 0.0, 0.0, 0.0, 1.0], "fov": 25.0, "aspect": 1.7777777777777777}, {"camera_to_world": [0.28079049126906025, 0.026077830405874525, 0.9594147417953314, 0.4520998033204335, 0.9229133692491245, 0.26701923941278166, -0.2773655325462213, -0.22596990071786055, -0.2634152859537751, 0.9633382960023661, 0.0509088850904128, -0.03396968148500091, 0.0, 0.0, 0.0, 1.0], "fov": 25.0, "aspect": 1.7777777777777777}, {"camera_to_world": [0.2826815598695627, 0.027264103230074888, 0.9588262639210353, 0.45136137048611624, 0.9214508160584678, 0.26999567682984155, -0.2793398075433925, -0.22812283608863998, -0.2664948954387206, 0.9624754558783594, 0.051200268913843106, -0.03351145054907586, 0.0, 0.0, 0.0, 1.0], "fov": 25.0, "aspect": 1.7777777777777777}, {"camera_to_world": [0.28455805118565525, 0.028447158142696105, 0.9582366485889726, 0.45062196165266155, 0.919981283020362, 0.2729546179201867, -0.28130093396263967, -0.23026275624107786, -0.26955733044684654, 0.9616062269711284, 0.051500581091092845, -0.03304807095130093, 0.0, 0.0, 0.0, 1.0], "fov": 25.0, "aspect": 1.7777777777777777}, {"camera_to_world": [0.2864197994077291, 0.02962648379529964, 0.9576460567272038, 0.44988177619832087, 0.9185051743644134, 0.27589578498940015, -0.2832485842698619, -0.23238936375888325, -0.2726021701546681, 0.9607308610027104, 0.05180993672989587, -0.032579484226545725, 0.0, 0.0, 0.0, 1.0], "fov": 25.0, "aspect": 1.7777777777777777}, {"camera_to_world": [0.28826664345451514, 0.03080156700598269, 0.9570546513869744, 0.44914101350134583, 0.9170228999265954, 0.2788189050249136, -0.28518243145559563, -0.234502361225765, -0.27562899572012517, 0.9598496140910221, 0.0521284475850855, -0.03210563190967981, 0.0, 0.0, 0.0, 1.0], "fov": 25.0, "aspect": 1.7777777777777777}, {"camera_to_world": [0.2900984269334653, 0.0319718928210308, 0.9564625976796843, 0.4483998729399879, 0.9155348750341925, 0.28172370967706806, -0.28710214907227116, -0.23660145122543205, -0.27863739032451207, 0.958962746656632, 0.05245622210866857, -0.031626455535572806, 0.0, 0.0, 0.0, 1.0], "fov": 25.0, "aspect": 1.7777777777777777}, {"camera_to_world": [0.29191499809783716, 0.03313694457627264, 0.9558700627123379, 0.4476585538924983, 0.9140415203891519, 0.28460993523657696, -0.28900741127057444, -0.2386863363415935, -0.2816269392125462, 0.9580705233273699, 0.052793365501663636, -0.03114189663909424, 0.0, 0.0, 0.0, 1.0], "fov": 25.0, "aspect": 1.7777777777777777}, {"camera_to_world": [0.2937162098004575, 0.034296203958106564, 0.9552772155215037, 0.4469172557371287, 0.9125432619498939, 0.2874773226083664, -0.2908978928348788, -0.24075671915795813, -0.2845972297305457, 0.957173212840805, 0.05313997976768331, -0.030651896755113754, 0.0, 0.0, 0.0, 1.0], "fov": 25.0, "aspect": 1.7777777777777777}, {"camera_to_world": [0.29550191944416304, 0.03544915106415136, 0.954684227005792, 0.4461761778521306, 0.9110405308116276, 0.2903256172817609, -0.2927732692177219, -0.24281230225823505, -0.2875478513626619, 0.9562710879446246, 0.053496163768265714, -0.030156397418500895, 0.0, 0.0, 0.0, 1.0], "fov": 25.0, "aspect": 1.7777777777777777}, {"camera_to_world": [0.2972719889289013, 0.036595264463480826, 0.9540912698568742, 0.4454355196157554, 0.9095337630852239, 0.29315456929698924, -0.2946332165732983, -0.2448527882261331, -0.2904783957651352, 0.9553644252949469, 0.05386201327994283, -0.029655340164125278, 0.0, 0.0, 0.0, 1.0], "fov": 25.0, "aspect": 1.7777777777777777}, {"camera_to_world": [0.29902628459547614, 0.03773402125640701, 0.9534985184890675, 0.4446954804062546, 0.9080233997746981, 0.2959639332079799, -0.29647741178993975, -0.2468778796453613, -0.2933884567985324, 0.9544535053526095, 0.05423762105303237, -0.029148666526856454, 0.0, 0.0, 0.0, 1.0], "fov": 25.0, "aspect": 1.7777777777777777}, {"camera_to_world": [0.30076467716594324, 0.03886489713376745, 0.9529061489674877, 0.4439562596018797, 0.9065098866533365, 0.2987534680414351, -0.2983055325215579, -0.24888727909962852, -0.29627763055792955, 0.9535386122774457, 0.054623076872162946, -0.028636318041564045, 0.0, 0.0, 0.0, 1.0], "fov": 25.0, "aspect": 1.7777777777777777}, {"camera_to_world": [0.30248704168063245, 0.039987366435687066, 0.9523143389348064, 0.4432180565808819, 0.904993674138534, 0.30152293725214707, -0.30011725721803245, -0.2508806891726439, -0.2991455154010104, 0.9526200338206079, 0.0550184676185006, -0.028118236243117593, 0.0, 0.0, 0.0, 1.0], "fov": 25.0, "aspect": 1.7777777777777777}, {"camera_to_world": [0.3041932574317999, 0.0411009022097763, 0.9517232675366158, 0.4424810707215131, 0.903475217165373, 0.30427210867454446, -0.30191226515451114, -0.2528578124481161, -0.30199171197404123, 0.9516980612149466, 0.05542387733368198, -0.027594362666386728, 0.0, 0.0, 0.0, 1.0], "fov": 25.0, "aspect": 1.7777777777777777}, {"camera_to_world": [0.3058832078939019, 0.0422049762687311, 0.951133115345424, 0.4417455014020245, 0.9019549750589994, 0.30700075447044906, -0.30369023645961146, -0.2548183515097544, -0.3048158232356969, 0.950772989063494, 0.055839387285440134, -0.027064638846241013, 0.0, 0.0, 0.0, 1.0], "fov": 25.0, "aspect": 1.7777777777777777}, {"camera_to_world": [0.30755678065048386, 0.04329905924730193, 0.950544064283297, 0.44101154800066766, 0.9004334114058358, 0.3097086510730238, -0.3054508521424956, -0.2567620089412675, -0.3076174544787062, 0.9498451152260701, 0.05626507603491182, -0.026529006317550043, 0.0, 0.0, 0.0, 1.0], "fov": 25.0, "aspect": 1.7777777777777777}, {"camera_to_world": [0.30921386731768347, 0.04438262065860965, 0.9499562975431639, 0.440279409895694, 0.8989109939236827, 0.31239557912689503, -0.3071937941188086, -0.2586884873263645, -0.3103962133492919, 0.9489147407040561, 0.05670101950560602, -0.025987406615183384, 0.0, 0.0, 0.0, 1.0], "fov": 25.0, "aspect": 1.7777777777777777}, {"camera_to_world": [0.3108543634643467, 0.04545512894976639, 0.9493699995087985, 0.43954928646535507, 0.8973881943307427, 0.3150613234244405, -0.3089187452354571, -0.26059748924875425, -0.31315170986438035, 0.9479821695233515, 0.0571472910540371, -0.025439781274010632, 0.0, 0.0, 0.0, 1.0], "fov": 25.0, "aspect": 1.7777777777777777}, {"camera_to_world": [0.31247816852875154, 0.046516051556784566, 0.9487853556734966, 0.43882137708790225, 0.8958654882136192, 0.3177056728382247, -0.3106253892942184, -0.26248871729214585, -0.3158835564265587, 0.9470477086155573, 0.05760396154199454, -0.024886071828901374, 0.0, 0.0, 0.0, 1.0], "fov": 25.0, "aspect": 1.7777777777777777}, {"camera_to_world": [0.3140851857319449, 0.047564854958747016, 0.9482025525574602, 0.43809588114158704, 0.8943433548943234, 0.3203284202495722, -0.31231341107416405, -0.26436187404024813, -0.31859136783675734, 0.946111667697406, 0.05807109941043964, -0.024326219814725214, 0.0, 0.0, 0.0, 1.0], "fov": 25.0, "aspect": 1.7777777777777777}, {"camera_to_world": [0.31567532198768805, 0.04860100473120882, 0.9476217776239033, 0.4373729980046609, 0.8928222772963368, 0.32292936247327136, -0.31398249635288517, -0.26621666207677014, -0.32127476130463856, 0.9451743591484714, 0.05854877075502085, -0.023760166766351686, 0.0, 0.0, 0.0, 1.0], "fov": 25.0, "aspect": 1.7777777777777777}, {"camera_to_world": [0.3172484878090207, 0.04962396559882298, 0.9470432191938953, 0.43665292705537534, 0.8913027418097602, 0.32550830017840227, -0.31563233192651724, -0.26805278398542065, -0.3239333564566848, 0.9442360978871831, 0.059037039403178726, -0.02318785421865044, 0.0, 0.0, 0.0, 1.0], "fov": 25.0, "aspect": 1.7777777777777777}, {"camera_to_world": [0.3188045972114331, 0.050633201487150226, 0.946467066359954, 0.43593586767198184, 0.8897852381555993, 0.32806503780527013, -0.31726260562853925, -0.2698699423499088, -0.32656677534194956, 0.9432972012451792, 0.05953596699283831, -0.022609223706491016, 0.0, 0.0, 0.0, 1.0], "fov": 25.0, "aspect": 1.7777777777777777}, {"camera_to_world": [0.32034356761266763, 0.05162817557365723, 0.9458935088983982, 0.43522201923273185, 0.8882702592492087, 0.3305993834784596, -0.3188730063473644, -0.2716678397539435, -0.32917464243548905, 0.9423579888400153, 0.06004561305266187, -0.022024216764743004, 0.0, 0.0, 0.0, 1.0], "fov": 25.0, "aspect": 1.7777777777777777}, {"camera_to_world": [0.32186531972914423, 0.052608350337872256, 0.9453227371804742, 0.43451158111587684, 0.8867583010629378, 0.33311114891599525, -0.3204632240426944, -0.2734461787812337, -0.3317565846394435, 0.9414187824462574, 0.060566035083853886, -0.02143277492827601, 0.0, 0.0, 0.0, 1.0], "fov": 25.0, "aspect": 1.7777777777777777}, {"camera_to_world": [0.3233697774690133, 0.053573187610692796, 0.9447549420822686, 0.43380475269966834, 0.8852498624880176, 0.3356001493345938, -0.3220329497606488, -0.2752046620154883, -0.33431223128175713, 0.9404799058649941, 0.061097288643484626, -0.02083483973195959, 0.0, 0.0, 0.0, 1.0], "fov": 25.0, "aspect": 1.7777777777777777}, {"camera_to_world": [0.3248568678218547, 0.05452214862283156, 0.9441903148934139, 0.4331017333623576, 0.8837454451957035, 0.33806620335104215, -0.32358187564766344, -0.2769429920404164, -0.336841214112558, 0.9395416847917724, 0.06163942742933509, -0.020230352710663348, 0.0, 0.0, 0.0, 1.0], "fov": 25.0, "aspect": 1.7777777777777777}, {"camera_to_world": [0.32632652074501906, 0.05545469405239101, 0.9436290472246001, 0.43240272248219636, 0.882245553497723, 0.34050913287966394, -0.32510969496315506, -0.2786608714397268, -0.3393431672981601, 0.938604446682997, 0.06219250336622545, -0.01961925539925687, 0.0, 0.0, 0.0, 1.0], "fov": 25.0, "aspect": 1.7777777777777777}, {"camera_to_world": [0.3277786690466303, 0.05637028407156597, 0.9430713309138978, 0.43170791943743597, 0.8807506942060432, 0.3429287630259072, -0.32661610209096253, -0.2803580027971284, -0.3418177274127141, 0.9376685206208066, 0.06275656669381557, -0.019001489332609745, 0.0, 0.0, 0.0, 1.0], "fov": 25.0, "aspect": 1.7777777777777777}, {"camera_to_world": [0.32921324826524967, 0.05726837839246013, 0.9425173579319063, 0.43101752360632795, 0.8792613764919929, 0.34532492197603937, -0.32810079254955826, -0.2820340886963304, -0.3442645334274924, 0.9367342371764471, 0.06333166605585705, -0.018376996045591544, 0.0, 0.0, 0.0, 1.0], "fov": 25.0, "aspect": 1.7777777777777777}, {"camera_to_world": [0.3306301965462217, 0.05814843631202554, 0.9419673202857268, 0.43033173436712363, 0.8777781117447594, 0.34769744088296606, -0.32956346300104505, -0.2836888317210416, -0.3466832266978194, 0.9358019282721652, 0.06391784859087313, -0.017745717073071866, 0.0, 0.0, 0.0, 1.0], "fov": 25.0, "aspect": 1.7777777777777777}, {"camera_to_world": [0.33202945451470395, 0.05900991675611855, 0.9414214099217759, 0.42965075109807466, 0.8763014134292896, 0.3500461537481698, -0.33100381125893746, -0.285321934454971, -0.34907345094764475, 0.9348719270416397, 0.06451516002424351, -0.01710759394992028, 0.0, 0.0, 0.0, 1.0], "fov": 25.0, "aspect": 1.7777777777777777}, {"camera_to_world": [0.3334109651454065, 0.05985227832267764, 0.9408798186274339, 0.4289747731774325, 0.8748317969436032, 0.35237089729979826, -0.3324215362947487, -0.28693309948182744, -0.35143485225178556, 0.9339445676889606, 0.06512364476168198, -0.01646256821100639, 0.0, 0.0, 0.0, 1.0], "fov": 25.0, "aspect": 1.7777777777777777}, {"camera_to_world": [0.3347746736290369, 0.060674979324031486, 0.9403427379315481, 0.4283039999834484, 0.8733697794755584, 0.3546715108668792, -0.33381633824338114, -0.28852202938532, -0.353767079015821, 0.933020185346187, 0.0657433459840635, -0.015810581391199764, 0.0, 0.0, 0.0, 1.0], "fov": 25.0, "aspect": 1.7777777777777777}, {"camera_to_world": [0.33612052723548225, 0.0614774778283424, 0.9398103590037765, 0.42763863089437415, 0.8719158798590612, 0.3569478362497126, -0.335187918407