{"default_fov": 40.0, "default_transition_sec": 5.0, "keyframes": [{"matrix": [0.43574719313687205, -0.2457581775028307, 0.865867947128097, 0.40066049411055876, 0.8356764006106955, 0.46778936456459996, -0.28778127781806856, -0.5487164043347592, -0.334319214427903, 0.8489852935067457, 0.40921221178451517, 0.05004134510049148, 0.0, 0.0, 0.0, 1.0], "fov": 40.0, "aspect": 1.7777777777777777, "override_transition_enabled": false, "override_transition_sec": null}, {"matrix": [0.1826087165162814, -0.3307839555282093, 0.9258704182645583, 0.45973816230551634, 0.9633561494782932, 0.24837518771300282, -0.1012654698842953, -0.34318606521018613, -0.19646624624762626, 0.9104349185381909, 0.3640182319496166, 0.006162224147035428, 0.0, 0.0, 0.0, 1.0], "fov": 40.0, "aspect": 1.7777777777777777, "override_transition_enabled": false, "override_transition_sec": null}, {"matrix": [-0.22212958307313713, -0.29716684769439144, 0.9286281887575529, 0.4883547245789276, 0.9741241583659874, -0.10839226172782679, 0.198326099354784, 0.01013631585427328, 0.04172016792286032, 0.9486532465705819, 0.31355453331052874, -0.05047193784589057, 0.0, 0.0, 0.0, 1.0], "fov": 40.0, "aspect": 1.7777777777777777, "override_transition_enabled": false, "override_transition_sec": null}, {"matrix": [-0.20259861518073352, -0.5066602302564319, 0.8380031099007621, 0.4253199838947624, 0.9788099252884751, -0.13076987907240756, 0.15757654928369896, 0.01903522543719391, 0.029747794600931077, 0.8521705520633107, 0.5224178585313611, 0.09412570917485091, 0.0, 0.0, 0.0, 1.0], "fov": 40.0, "aspect": 1.7777777777777777, "override_transition_enabled": false, "override_transition_sec": null}, {"matrix": [0.14303278790667706, -0.5532268052398167, 0.8206593224644374, 0.3895692520292585, 0.9742876123120555, 0.22455267629911002, -0.018432147519510056, -0.23171987707855993, -0.17408408910327616, 0.8021946132523285, 0.5711204184670949, 0.18270044229160715, 0.0, 0.0, 0.0, 1.0], "fov": 40.0, "aspect": 1.7777777777777777, "override_transition_enabled": false, "override_transition_sec": null}, {"matrix": [0.4176313038359411, -0.4044441425273759, 0.8136393732063288, 0.36536385216036543, 0.8485806091891175, 0.49371418760589564, -0.1901505999592873, -0.4482553741068721, -0.3248000057951329, 0.7698514379618617, 0.5493939567410036, 0.19926564600960714, 0.0, 0.0, 0.0, 1.0], "fov": 40.0, "aspect": 1.7777777777777777, "override_transition_enabled": false, "override_transition_sec": null}], "camera_type": "perspective", "render_height": 1080.0, "render_width": 1920.0, "fps": 30.0, "seconds": 30.0, "is_cycle": true, "smoothness_value": 0.0, "camera_path": [{"camera_to_world": [0.43574719313687205, -0.2457581775028307, 0.865867947128097, 0.40066049411055876, 0.8356764006106955, 0.46778936456459996, -0.28778127781806856, -0.5487164043347592, -0.334319214427903, 0.8489852935067457, 0.40921221178451517, 0.05004134510049148, 0.0, 0.0, 0.0, 1.0], "fov": 40.0, "aspect": 1.7777777777777777}, {"camera_to_world": [0.435012861250342, -0.24560905035820252, 0.866279403500356, 0.40097680095646915, 0.8362120394474788, 0.4669983238006479, -0.28750998356661234, -0.548355881393224, -0.3339359753453934, 0.8494638073217289, 0.4085315219424244, 0.049402614984641664, 0.0, 0.0, 0.0, 1.0], "fov": 40.0, "aspect": 1.7777777777777777}, {"camera_to_world": [0.4342615602248712, -0.24548277816548042, 0.866692046193582, 0.40129652728308035, 0.836759497096687, 0.46619698811734406, -0.2872175347864686, -0.5479748683756791, -0.3335422631834831, 0.8499403354909535, 0.40786147743561857, 0.04877371079752656, 0.0, 0.0, 0.0, 1.0], "fov": 40.0, "aspect": 1.7777777777777777}, {"camera_to_world": [0.4334933717585326, -0.2453791004053107, 0.8671058722703354, 0.4016196248751638, 0.8373186240657688, 0.46538539135971285, -0.2869040942572526, -0.547573505903749, -0.3331381371653902, 0.8504149190796498, 0.40720197319355694, 0.04815452756117193, 0.0, 0.0, 0.0, 1.0], "fov": 40.0, "aspect": 1.7777777777777777}, {"camera_to_world": [0.432708376678171, -0.24529775589794994, 0.8675208768116027, 0.4019460455174908, 0.8378892699913845, 0.4645635658911769, -0.2865698247893158, -0.547151934599058, -0.3327236570877506, 0.8508875978634922, 0.4065529040804518, 0.047544960297603585, 0.0, 0.0, 0.0, 1.0], "fov": 40.0, "aspect": 1.7777777777777777}, {"camera_to_world": [0.43190665498149416, -0.2452384828221872, 0.8679370529743321, 0.4022757409948329, 0.8384712836687629, 0.4637315426504587, -0.2862148892246575, -0.5467102950832304, -0.3322988833047046, 0.851358410361992, 0.4059141648924668, 0.04694490402884729, 0.0, 0.0, 0.0, 1.0], "fov": 40.0, "aspect": 1.7777777777777777}, {"camera_to_world": [0.4310882858788977, -0.2452010187338876, 0.8683543920484642, 0.4026086630919613, 0.8390645130808185, 0.4628893512079886, -0.28583945043799813, -0.5462487279778907, -0.33186387671218937, 0.8518273938716172, 0.40528565035471675, 0.046354253776928825, 0.0, 0.0, 0.0, 1.0], "fov": 40.0, "aspect": 1.7777777777777777}, {"camera_to_world": [0.43025334783499464, -0.2451851005841828, 0.8687728835134667, 0.4029447635936476, 0.8396688054270458, 0.46203701982179896, -0.28544367133798715, -0.5457673739046631, -0.33141869873243035, 0.8522945844986434, 0.4046672551180634, 0.045772904563873985, 0.0, 0.0, 0.0, 1.0], "fov": 40.0, "aspect": 1.7777777777777777}, {"camera_to_world": [0.42940191860986066, -0.24519046473731904, 0.8691925150943653, 0.4032839942846631, 0.8402840071521951, 0.46117457549290786, -0.2850277148685478, -0.5452663734851722, -0.33096341129862156, 0.8527600171917267, 0.404058873755726, 0.04520075141170853, 0.0, 0.0, 0.0, 1.0], "fov": 40.0, "aspect": 1.7777777777777777}, {"camera_to_world": [0.42853407529997106, -0.2452168469881829, 0.8696132728172754, 0.40362630694977925, 0.8409099639747394, 0.46030204402018465, -0.2845917440103327, -0.5447458673410421, -0.33049807683979254, 0.8532237257742041, 0.40346040075970835, 0.04463768934245827, 0.0, 0.0, 0.0, 1.0], "fov": 40.0, "aspect": 1.7777777777777777}, {"camera_to_world": [0.42764989437883066, -0.24526398257952164, 0.8700351410644327, 0.4039716533737675, 0.8415465209151379, 0.4594194500546955, -0.2841359217822851, -0.5442059960938974, -0.3300227582658544, 0.8536857429761103, 0.4028717305370583, 0.044083613378148964, 0.0, 0.0, 0.0, 1.0], "fov": 40.0, "aspect": 1.7777777777777777}, {"camera_to_world": [0.4267494517372823, -0.24533160621887262, 0.8704581026287235, 0.4043199853413991, 0.8421935223239065, 0.4585268171535226, -0.2836604112432891, -0.5436469003653623, -0.3295375189528209, 0.8541461004659147, 0.4022927574059607, 0.04353841854080641, 0.0, 0.0, 0.0, 1.0], "fov": 40.0, "aspect": 1.7777777777777777}, {"camera_to_world": [0.4258328227234904, -0.24541945209522026, 0.8708821387677133, 0.40467125463744563, 0.8428508119094995, 0.457624167833057, -0.2831653754938973, -0.5430687207770613, -0.3290424227281982, 0.8546048288819718, 0.40172337559167975, 0.043001999852456375, 0.0, 0.0, 0.0, 1.0], "fov": 40.0, "aspect": 1.7777777777777777}, {"camera_to_world": [0.42490008218258557, -0.24552725389539132, 0.8713072292571777, 0.4050254130466785, 0.8435182327660123, 0.4567115236217544, -0.28265097767812386, -0.5424715979506186, -0.32853753385653767, 0.8550619578636882, 0.40116347922234974, 0.042474252335124654, 0.0, 0.0, 0.0, 1.0], "fov": 40.0, "aspect": 1.7777777777777777}, {"camera_to_world": [0.4239513044959703, -0.24565474482020827, 0.8717333524441311, 0.4053824123538689, 0.8441956274007096, 0.45578890511235837, -0.28211738098529165, -0.5418556725076588, -0.3280229170251488, 0.855517516082398, 0.4006129623246312, 0.04195507101083702, 0.0, 0.0, 0.0, 1.0], "fov": 40.0, "aspect": 1.7777777777777777}, {"camera_to_world": [0.4229865636202719, -0.2458016576004114, 0.8721604852993535, 0.4057422043437885, 0.8448828377613851, 0.45485633201358117, -0.2815647486519219, -0.541221085069806, -0.3274986373299632, 0.8559715312719465, 0.4000717188192341, 0.04144435090161927, 0.0, 0.0, 0.0, 1.0], "fov": 40.0, "aspect": 1.7777777777777777}, {"camera_to_world": [0.42200593312593815, -0.24596772451236631, 0.8725886034694212, 0.40610474080120856, 0.8455797052635621, 0.45391382320124374, -0.2809932439636534, -0.5405679762586848, -0.3269647602615509, 0.8564240302589825, 0.39953964251631885, 0.04094198702949717, 0.0, 0.0, 0.0, 1.0], "fov": 40.0, "aspect": 1.7777777777777777}, {"camera_to_world": [0.4210094862354662, -0.24615267739356628, 0.873017681328235, 0.4064699735109006, 0.8462860708175395, 0.4529613967688624, -0.2804030302571852, -0.5398964866959194, -0.3264213516912756, 0.8568750389929563, 0.3990166271107764, 0.040447874416496506, 0.0, 0.0, 0.0, 1.0], "fov": 40.0, "aspect": 1.7777777777777777}, {"camera_to_world": [0.4199972958612647, -0.24635624765794878, 0.8734476920280464, 0.4068378542576358, 0.8470017748552825, 0.4519990700776963, -0.2797942709222247, -0.5392067570031343, -0.3258684778575963, 0.8573245825758138, 0.39850256617740887, 0.03996190808464306, 0.0, 0.0, 0.0, 1.0], "fov": 40.0, "aspect": 1.7777777777777777}, {"camera_to_world": [0.4189694346431309, -0.2465781663110317, 0.8738786075499873, 0.40720833482618585, 0.8477266573571783, 0.45102685980622953, -0.27916712940344013, -0.5384989278019537, -0.32530620535249655, 0.8577726852914012, 0.3979973531659958, 0.03948398305596262, 0.0, 0.0, 0.0, 1.0], "fov": 40.0, "aspect": 1.7777777777777777}, {"camera_to_world": [0.4179259749853468, -0.2468181639648877, 0.8743103987540977, 0.407581367001322, 0.8484605578786457, 0.4500447819991059, -0.27852176920239957, -0.5377731397140021, -0.32473460110805075, 0.8582193706345593, 0.3975008813962758, 0.039013994352480964, 0.0, 0.0, 0.0, 1.0], "fov": 40.0, "aspect": 1.7777777777777777}, {"camera_to_world": [0.41686698909338316, -0.247075970852963, 0.8747430354288528, 0.4079569025678157, 0.8492033155766139, 0.44905285211549917, -0.27785835387949315, -0.5370295333609039, -0.3241537323831136, 0.8586646613399211, 0.3970130440528313, 0.03855183699622387, 0.0, 0.0, 0.0, 1.0], "fov": 40.0, "aspect": 1.7777777777777777}, {"camera_to_world": [0.4157925490102043, -0.2473513168447567, 0.8751764863401905, 0.4083348933104383, 0.8499547692358727, 0.44805108507692387, -0.2771770470558224, -0.5362682493642834, -0.3235636667501333, 0.8591085794104003, 0.39653373417989646, 0.03809740600921713, 0.0, 0.0, 0.0, 1.0], "fov": 40.0, "aspect": 1.7777777777777777}, {"camera_to_world": [0.41470272665217206, -0.2476439314603695, 0.8756107192800382, 0.4087152910139612, 0.8507147572952964, 0.44703949531447956, -0.2764780124150567, -0.535489428345765, -0.32296447208208323, 0.8595511461453746, 0.39606284467608677, 0.03765059641348652, 0.0, 0.0, 0.0, 1.0], "fov": 40.0, "aspect": 1.7777777777777777}, {"camera_to_world": [0.41359759384453687, -0.24795354388493046, 0.8760457011143388, 0.409098047463156, 0.8514831178739495, 0.44601809681552784, -0.2757614137052392, -0.5346932109269729, -0.3223562165395096, 0.8599923821685621, 0.3956002682890578, 0.03721130323105781, 0.0, 0.0, 0.0, 1.0], "fov": 40.0, "aspect": 1.7777777777777777}, {"camera_to_world": [0.41247722235651796, -0.24827988298291503, 0.8764813978305768, 0.4094831144427939, 0.852259688797074, 0.4449869031697997, -0.27502741474054193, -0.5338797377295317, -0.32173896855769013, 0.8604323074555845, 0.3951458976101009, 0.03677942148395681, 0.0, 0.0, 0.0, 1.0], "fov": 40.0, "aspect": 1.7777777777777777}, {"camera_to_world": [0.41134168393595677, -0.24862267731236393, 0.8769177745848031, 0.40987044373764636, 0.853044307621968, 0.4439459276149261, -0.274276179402952, -0.5330491493750655, -0.3211127968338989, 0.8608709413612212, 0.39469962506867945, 0.03635484619420928, 0.0, 0.0, 0.0, 1.0], "fov": 40.0, "aspect": 1.7777777777777777}, {"camera_to_world": [0.4101910503435558, -0.24898165513900777, 0.8773547957481571, 0.41025998713248474, 0.8538368116637494, 0.44289518308140124, -0.27350787164389756, -0.532201586485199, -0.32047777031478053, 0.8613083026463474, 0.39426134292691506, 0.035937472383841006, 0.0, 0.0, 0.0, 1.0], "fov": 40.0, "aspect": 1.7777777777777777}, {"camera_to_world": [0.40902539338667043, -0.24935654445031552, 0.8777924249528913, 0.41065169641208066, 0.8546370380210243, 0.44183468223695777, -0.2727226554857829, -0.5313371896815563, -0.31983395818382065, 0.861744409504561, 0.3938309432740216, 0.035527195074877775, 0.0, 0.0, 0.0, 1.0], "fov": 40.0, "aspect": 1.7777777777777777}, {"camera_to_world": [0.4078447849526837, -0.24974707296946197, 0.8782306251378877, 0.41104552336120526, 0.8554448236014398, 0.44076443753037153, -0.2719206950234506, -0.530456099585762, -0.319181429848919, 0.8621792795884863, 0.3934083180207024, 0.03512390928934537, 0.0, 0.0, 0.0, 1.0], "fov": 40.0, "aspect": 1.7777777777777777}, {"camera_to_world": [0.4066492970419219, -0.25015296816923804, 0.8786693585936811, 0.4114414197646301, 0.8562600051471538, 0.439684461234674, -0.2711021544255426, -0.5295584568194402, -0.3185202549300547, 0.8626129300357692, 0.39299335889350384, 0.034727510049269564, 0.0, 0.0, 0.0, 1.0], "fov": 40.0, "aspect": 1.7777777777777777}, {"camera_to_world": [0.405439001800144, -0.2505739572858963, 0.8791085870069686, 0.4118393374071266, 0.8570824192601911, 0.4385947654897916, -0.27026719793577036, -0.5286444020042155, -0.31785050324704694, 0.8630453774947414, 0.39258595742914504, 0.03433789237667616, 0.0, 0.0, 0.0, 1.0], "fov": 40.0, "aspect": 1.7777777777777777}, {"camera_to_world": [0.4042139715505651, -0.2510097673329521, 0.8795482715046268, 0.412239228073466, 0.8579119024277204, 0.437495362344589, -0.2694159898740732, -0.5277140757617121, -0.3171722448074057, 0.8634766381497733, 0.3921860049688121, 0.033954951293590906, 0.0, 0.0, 0.0, 1.0], "fov": 40.0, "aspect": 1.7777777777777777}, {"camera_to_world": [0.4029742788254367, -0.2514601251149387, 0.8799883726972184, 0.4126410435484199, 0.858748291047231, 0.43638626379832746, -0.2685486946376706, -0.5267676187135544, -0.31648554979426713, 0.8639067277462978, 0.39179339265243424, 0.03357858182203961, 0.0, 0.0, 0.0, 1.0], "fov": 40.0, "aspect": 1.7777777777777777}, {"camera_to_world": [0.40171999639716305, -0.25192475724112806, 0.8804288507220002, 0.4130447356167597, 0.8595914214516254, 0.4352674818415311, -0.26766547670199564, -0.525805171481367, -0.3157904885544173, 0.8643356616155156, 0.39140801141293896, 0.03320867898404805, 0.0, 0.0, 0.0, 1.0], "fov": 40.0, "aspect": 1.7777777777777777}, {"camera_to_world": [0.4004511973089638, -0.2524033901392201, 0.8808696652854191, 0.41345025606325664, 0.8604411299342177, 0.43413902849626645, -0.26676650062150786, -0.5248268746867739, -0.31508713158639834, 0.8647634546987673, 0.39102975197049783, 0.032845137801642006, 0.0, 0.0, 0.0, 1.0], "fov": 40.0, "aspect": 1.7777777777777777}, {"camera_to_world": [0.39916795490506296, -0.25289575006900783, 0.8813107757051107, 0.4138575566726823, 0.8612972527736531, 0.43300091585581846, -0.2658519310303777, -0.5238328689513996, -0.3143755495286934, 0.8651901215715865, 0.39065850482675496, 0.032487853296847266, 0.0, 0.0, 0.0, 1.0], "fov": 40.0, "aspect": 1.7777777777777777}, {"camera_to_world": [0.39787034286041156, -0.2534015631360273, 0.881752140951388, 0.41426658922980797, 0.8621596262587399, 0.4318531561237776, -0.26492193264303654, -0.5228232948968686, -0.3136558131479919, 0.8656156764674203, 0.3902941602590562, 0.03213672049168959, 0.0, 0.0, 0.0, 1.0], "fov": 40.0, "aspect": 1.7777777777777777}, {"camera_to_world": [0.39655843520994166, -0.25392055530519053, 0.8821937196882248, 0.4146773055194052, 0.8630280867131995, 0.4306957616525267, -0.2639766702545966, -0.5217982931448051, -0.3129279933275331, 0.8660401333010229, 0.38993660831467175, 0.03179163440819479, 0.0, 0.0, 0.0, 1.0], "fov": 40.0, "aspect": 1.7777777777777777}, {"camera_to_world": [0.39523230637734225, -0.2544524524144138, 0.8826354703137287, 0.41508965732624514, 0.8639024705203304, 0.4295287449811304, -0.26301630874112103, -0.5207580043168336, -0.3121921610555209, 0.8664635056915124, 0.3895857388050263, 0.03145249006838863, 0.0, 0.0, 0.0, 1.0], "fov": 40.0, "aspect": 1.7777777777777777}, {"camera_to_world": [0.3938920312033528, -0.254996980188238, 0.8830773510001126, 0.41550359643509943, 0.8647826141475993, 0.42835211887262015, -0.26204101305975214, -0.5197025690345783, -0.3114483874136153, 0.8668858069851046, 0.3892414412999245, 0.031119182494296894, 0.0, 0.0, 0.0, 1.0], "fov": 40.0, "aspect": 1.7777777777777777}, {"camera_to_world": [0.3925376849735821, -0.2555538642514578, 0.8835193197331501, 0.4159190746307395, 0.8656683541711445, 0.4271658963506809, -0.26105094824869174, -0.5186321279196637, -0.3106967435654944, 0.8673070502775051, 0.38890360512179695, 0.03079160670794536, 0.0, 0.0, 0.0, 1.0], "fov": 40.0, "aspect": 1.7777777777777777}, {"camera_to_world": [0.39116934344584015, -0.2561228301427447, 0.8839613343511248, 0.41633604369793653, 0.8665595273002027, 0.4259700907357345, -0.2600462794270265, -0.5175468215937142, -0.3099373007454886, 0.8677272484359707, 0.3885721193399492, 0.030469657731359828, 0.0, 0.0, 0.0, 1.0], "fov": 40.0, "aspect": 1.7777777777777777}, {"camera_to_world": [0.3897870828769789, -0.2567036033282896, 0.88440335258327, 0.4167544554214622, 0.8674559704014579, 0.42476471568041324, -0.2590271717943941, -0.5164467906783541, -0.3091701302472801, 0.868146414121034, 0.38824687276483, 0.03015323058656606, 0.0, 0.0, 0.0, 1.0], "fov": 40.0, "aspect": 1.7777777777777777}, {"camera_to_world": [0.3883909800492505, -0.25729590921544804, 0.8848453320876926, 0.4171742615860877, 0.8683575205233078, 0.4235497852044335, -0.2579937906304943, -0.5153321757952077, -0.3083953034126748, 0.8685645598078904, 0.387927753942316, 0.02984222029558985, 0.0, 0.0, 0.0, 1.0], "fov": 40.0, "aspect": 1.7777777777777777}, {"camera_to_world": [0.38698111229617127, -0.2578994731664047, 0.8852872304887884, 0.4175954139765846, 0.8692640149200525, 0.42232531372886084, -0.2569463012944346, -0.5142031175658995, -0.30761289162044103, 0.8689816978074454, 0.38761465114801924, 0.029536521880456978, 0.0, 0.0, 0.0, 1.0], "fov": 40.0, "aspect": 1.7777777777777777}, {"camera_to_world": [0.3855575575278866, -0.2585140205118575, 0.8857290054141422, 0.4180178643777241, 0.8701752910760066, 0.4210913161097622, -0.25588486922390685, -0.5130597566120538, -0.3068229662752089, 0.869397840287025, 0.38730745238161735, 0.02923603036319323, 0.0, 0.0, 0.0, 1.0], "fov": 40.0, "aspect": 1.7777777777777777}, {"camera_to_world": [0.3841203942560503, -0.2591392765647154, 0.8861706145309112, 0.4184415645742779, 0.8710911867295272, 0.4198478076712557, -0.254809659934204, -0.511902233555295, -0.3060255987964419, 0.8698129992907422, 0.38700604536121, 0.028940640765824373, 0.0, 0.0, 0.0, 1.0], "fov": 40.0, "aspect": 1.7777777777777777}, {"camera_to_world": [0.38266970161819747, -0.259774966633821, 0.8866120155816959, 0.41886646635101715, 0.8720115398969652, 0.41859480423794504, -0.253720839017059, -0.5107306890172473, -0.30522086060746845, 0.8702271867595232, 0.3867103175177031, 0.028650248110376197, 0.0, 0.0, 0.0, 1.0], "fov": 40.0, "aspect": 1.7777777777777777}, {"camera_to_world": [0.38120555940162176, -0.26042081603770045, 0.887053166419891, 0.4192925214927133, 0.8729361888965335, 0.4173323221667478, -0.2526185721393138, -0.5095452636195353, -0.30440882312458084, 0.8706404145507881, 0.38642015598922846, 0.028364747418874497, 0.0, 0.0, 0.0, 1.0], "fov": 40.0, "aspect": 1.7777777777777777}, {"camera_to_world": [0.3797280480667513, -0.2610765501183337, 0.8874940250445207, 0.4197196817841379, 0.8738649723720973, 0.4160603783781045, -0.25150302504141486, -0.5083460979837833, -0.30358955774619284, 0.8710526944577911, 0.38613544761559165, 0.02808403371334504, 0.0, 0.0, 0.0, 1.0], "fov": 40.0, "aspect": 1.7777777777777777}, {"camera_to_world": [0.3782372487700238, -0.2617418942549506, 0.8879345496345513, 0.42014789901006216, 0.8747977293168758, 0.41477899038658533, -0.25037436353573284, -0.5071333327316154, -0.30276313584206627, 0.8714640382286095, 0.38585607893275864, 0.02780800201581361, 0.0, 0.0, 0.0, 1.0], "fov": 40.0, "aspect": 1.7777777777777777}, {"camera_to_world": [0.37673324338625597, -0.2624165738778601, 0.8883746985826857, 0.42057712495525773, 0.8757342990970662, 0.4134881763308759, -0.24923275350470425, -0.5059071084846565, -0.3019296287425966, 0.8718744575847901, 0.3855819361673803, 0.027536547348305997, 0.0, 0.0, 0.0, 1.0], "fov": 40.0, "aspect": 1.7777777777777777}, {"camera_to_world": [0.37521611453050774, -0.2631003144823036, 0.8888144305286352, 0.42100731140449577, 0.8766745214753815, 0.4121879550031501, -0.24807836089879365, -0.5046675658645305, -0.3010891077281607, 0.8722839642396473, 0.3853129052313534, 0.027269564732847973, 0.0, 0.0, 0.0, 1.0], "fov": 40.0, "aspect": 1.7777777777777777}, {"camera_to_world": [0.373685945579447, -0.2637928416423348, 0.8892537043918665, 0.42143841014254785, 0.8776182366344973, 0.410878345877835, -0.24691135173428164, -0.503414845492862, -0.3002416440185314, 0.8726925699162087, 0.38504887171642677, 0.027006949191465325, 0.0, 0.0, 0.0, 1.0], "fov": 40.0, "aspect": 1.7777777777777777}, {"camera_to_world": [0.3721428206921996, -0.26449388102473465, 0.8896924794038259, 0.42187037295418534, 0.8785652852004178, 0.4095593691397529, -0.24573189209086532, -0.5021490879912753, -0.2993873087623493, 0.8731002863648147, 0.3847897208888467, 0.02674859574618383, 0.0, 0.0, 0.0, 1.0], "fov": 40.0, "aspect": 1.7777777777777777}, {"camera_to_world": [0.3705868248306995, -0.2652031584029487, 0.8901307151396365, 0.42230315162417964, 0.879515508265747, 0.408231045711655, -0.2445401481090852, -0.5008704339813947, -0.2985261730266628, 0.8735071253803652, 0.3845353376840493, 0.026494399419029285, 0.0, 0.0, 0.0, 1.0], "fov": 40.0, "aspect": 1.7777777777777777}, {"camera_to_world": [0.36901804377952885, -0.2659203996710552, 0.8905683715492685, 0.4227366979373022, 0.8804687474128711, 0.40689339728113805, -0.24333628598756873, -0.4995790240848447, -0.2976583077865282, 0.8739130988192134, 0.3842856067013963, 0.026244255232027447, 0.0, 0.0, 0.0, 1.0], "fov": 40.0, "aspect": 1.7777777777777777}, {"camera_to_world": [0.36743656416524845, -0.2666453308577635, 0.8910054089881788, 0.42317096367832424, 0.8814248447370472, 0.4055464463269423, -0.2421204719800898, -0.49827499892324967, -0.2967837839146711, 0.8743182186157068, 0.3840404121989605, 0.025998058207204123, 0.0, 0.0, 0.0, 1.0], "fov": 40.0, "aspect": 1.7777777777777777}, {"camera_to_world": [0.3658424734752283, -0.2673776781404334, 0.8914417882474198, 0.42360590063201736, 0.8823836428693925, 0.4041902161446433, -0.24089287239245366, -0.4969584991182338, -0.295902672171218, 0.8747224967983716, 0.38379963808835904, 0.025755703366585087, 0.0, 0.0, 0.0, 1.0], "fov": 40.0, "aspect": 1.7777777777777777}, {"camera_to_world": [0.36423586007595693, -0.26811716785912665, 0.8918774705832238, 0.424041460583153, 0.8833449849997869, 0.4028247308717144, -0.23965365357919632, -0.4956296652914216, -0.2950150431934863, 0.8751259455057495, 0.38356316792963013, 0.02551708573219612, 0.0, 0.0, 0.0, 1.0], "fov": 40.0, "aspect": 1.7777777777777777}, {"camera_to_world": [0.3626168132308599, -0.2688635265306777, 0.8923124177460398, 0.4244775953165024, 0.8843087148996592, 0.40145001551199144, -0.2384029819401069, -0.49428863806443746, -0.2941209674858436, 0.8755285770018643, 0.3833308849261717, 0.025282100326063, 0.0, 0.0, 0.0, 1.0], "fov": 40.0, "aspect": 1.7777777777777777}, {"camera_to_world": [0.3609854231175974, -0.2696164808627913, 0.8927465920090502, 0.42491425661683707, 0.8852746769446869, 0.40006609595950704, -0.23714102391656966, -0.4929355580589056, -0.2932205154096311, 0.8759304036913451, 0.38310267191971875, 0.025050642170211513, 0.0, 0.0, 0.0, 1.0], "fov": 40.0, "aspect": 1.7777777777777777}, {"camera_to_world": [0.3593417808448595, -0.27037575776815925, 0.8931799561961401, 0.4253513962689285, 0.8862427161373804, 0.398672999021717, -0.23586794598772565, -0.49157056589645054, -0.29231375717315056, 0.8763314381341821, 0.3828784113853805, 0.024822606286667437, 0.0, 0.0, 0.0, 1.0], "fov": 40.0, "aspect": 1.7777777777777777}, {"camera_to_world": [0.35768597846866046, -0.2711410843785969, 0.8936124737093344, 0.42578896605754785, 0.8872126781295635, 0.39727075244211696, -0.2345839146664626, -0.49019380219869657, -0.291400762821728, 0.876731693060125, 0.38265798542672824, 0.024597887697456567, 0.0, 0.0, 0.0, 1.0], "fov": 40.0, "aspect": 1.7777777777777777}, {"camera_to_world": [0.3560181090081165, -0.27191218805919876, 0.8940441085556933, 0.4262269177674668, 0.8881844092447446, 0.39585938492223227, -0.2332890964952205, -0.488805407587268, -0.2904816022278335, 0.877131181382723, 0.3824412757709344, 0.024376381424604666, 0.0, 0.0, 0.0, 1.0], "fov": 40.0, "aspect": 1.7777777777777777}, {"camera_to_world": [0.3543382664607281, -0.2726887964225059, 0.8944748253736667, 0.42666520318345647, 0.8891577565003727, 0.3944389261430078, -0.23198365804162835, -0.4874055226837893, -0.289556345081282, 0.8775299162130008, 0.38222816376396646, 0.02415798249013753, 0.0, 0.0, 0.0, 1.0], "fov": 40.0, "aspect": 1.7777777777777777}, {"camera_to_world": [0.35264654581716076, -0.27347063734268406, 0.8949045894589049, 0.42710377409028855, 0.8901325676299738, 0.39300940678558044, -0.23066776589397175, -0.4859942881098848, -0.2886250608795, 0.8779279108727733, 0.3820185303658352, 0.02394258591608094, 0.0, 0.0, 0.0, 1.0], "fov": 40.0, "aspect": 1.7777777777777777}, {"camera_to_world": [0.35094304307550667, -0.2742574389697221, 0.8953333667895285, 0.42754258227273434, 0.8911086911051795, 0.39157085855143164, -0.22934158665647325, -0.4845718444871789, -0.2876878189178625, 0.8783251789075981, 0.3818122561458959, 0.02373008672446067, 0.0, 0.0, 0.0, 1.0], "fov": 40.0, "aspect": 1.7777777777777777}, {"camera_to_world": [0.3492278552550684, -0.2750489297436207, 0.8957611240508453, 0.42798157951556515, 0.8920859761576176, 0.3901233141819418, -0.22800528694442268, -0.4831383324372959, -0.2867446882801067, 0.8787217340993603, 0.3816092212782046, 0.02352037993730251, 0.0, 0.0, 0.0, 1.0], "fov": 40.0, "aspect": 1.7777777777777777}, {"camera_to_world": [0.34750108040962446, -0.27584483840859936, 0.896187828659527, 0.4284207176035526, 0.893064272800689, 0.3886668074773265, -0.22665903337912557, -0.48169389258186024, -0.2857957378288215, 0.879117590478496, 0.3814093055369297, 0.023313360576632237, 0.0, 0.0, 0.0, 1.0], "fov": 40.0, "aspect": 1.7777777777777777}, {"camera_to_world": [0.34576281764020844, -0.2766448940272922, 0.8966134487872309, 0.42885994832146784, 0.894043431851209, 0.3872013733149636, -0.22530299258269676, -0.4802386655424963, -0.28484103619600976, 0.8795127623358483, 0.38121238829181436, 0.023108923664475638, 0.0, 0.0, 0.0, 1.0], "fov": 40.0, "aspect": 1.7777777777777777}, {"camera_to_world": [0.3440131671073806, -0.2774488259949521, 0.897037953383675, 0.4292992234540825, 0.8950233049509224, 0.38572704766711097, -0.22393733117267972, -0.47877279194082834, -0.2838806517737298, 0.8799072642341561, 0.3810183485036977, 0.022906964222858494, 0.0, 0.0, 0.0, 1.0], "fov": 40.0, "aspect": 1.7777777777777777}, {"camera_to_world": [0.34225223004302047, -0.278256364053634, 0.8974613121991561, 0.4297384947861678, 0.8960037445878728, 0.3842438676180247, -0.22256221575652096, -0.47729641239848075, -0.28291465270482147, 0.8803011110191747, 0.38082706472008643, 0.02270737727380658, 0.0, 0.0, 0.0, 1.0], "fov": 40.0, "aspect": 1.7777777777777777}, {"camera_to_world": [0.3404801087616094, -0.27906723830638147, 0.8978834958065172, 0.4301777141024954, 0.896984604117643, 0.38275187138045974, -0.22117781292586985, -0.4758096675370779, -0.28194310687370555, 0.8806943178304292, 0.38063841507078205, 0.022510057839345687, 0.0, 0.0, 0.0, 1.0], "fov": 40.0, "aspect": 1.7777777777777777}, {"camera_to_world": [0.3386969066710367, -0.27988117923139044, 0.8983044756225571, 0.43061683318783645, 0.8979657377844472, 0.3812510983115732, -0.21978428925073917, -0.47431269797824427, -0.2809660818972719, 0.8810869001115982, 0.38045227726356173, 0.022314900941501598, 0.0, 0.0, 0.0, 1.0], "fov": 40.0, "aspect": 1.7777777777777777}, {"camera_to_world": [0.3369027282829129, -0.28069791769615454, 0.8987242239288831, 0.4310558038269624, 0.8989470007420741, 0.37974158892822474, -0.21838181127350537, -0.4728056443436041, -0.27998364511585244, 0.8814788736205255, 0.3802685285799107, 0.022121801602300088, 0.0, 0.0, 0.0, 1.0], "fov": 40.0, "aspect": 1.7777777777777777}, {"camera_to_world": [0.3350976792223949, -0.2815171849715916, 0.8991427138922028, 0.43149457780464484, 0.8999282490746845, 0.37822338492167124, -0.21697054550276146, -0.47128864725478187, -0.2789958635842787, 0.8818702544388624, 0.38008704587080916, 0.021930654843766946, 0.0, 0.0, 0.0, 1.0], "fov": 40.0, "aspect": 1.7777777777777777}, {"camera_to_world": [0.3332818662375309, -0.2823387127461415, 0.89955991958406, 0.431933106905655, 0.9009093398174541, 0.37669652917166113, -0.21555065840702753, -0.46976184733340176, -0.2780028040630307, 0.8822610589813402, 0.37990770555256775, 0.021741355687927934, 0.0, 0.0, 0.0, 1.0], "fov": 40.0, "aspect": 1.7777777777777777}, {"camera_to_world": [0.33145539720812867, -0.28316223313982847, 0.8999758160000008, 0.4323713429147643, 0.9018901309770513, 0.37516106575993846, -0.21412231640831936, -0.46822538520108836, -0.277004533009478, 0.8826513040046634, 0.37973038360271943, 0.021553799156808863, 0.0, 0.0, 0.0, 1.0], "fov": 40.0, "aspect": 1.7777777777777777}, {"camera_to_world": [0.32961838115413905, -0.2839874787182932, 0.9003903790781818, 0.4328092376167443, 0.9028704815519633, 0.3736170399831384, -0.2126856858755759, -0.46667940147946585, -0.2760011165692105, 0.8830410066160377, 0.3795549555559565, 0.021367880272435504, 0.0, 0.0, 0.0, 1.0], "fov": 40.0, "aspect": 1.7777777777777777}, {"camera_to_world": [0.32777092824356996, -0.2848141825067799, 0.9008035857174099, 0.4332467427963662, 0.9038502515526482, 0.3720644983650954, -0.21124093311795544, -0.4651240367901588, -0.2749926205674675, 0.8834301842813186, 0.3793812965001204, 0.02118349405683364, 0.0, 0.0, 0.0, 1.0], "fov": 40.0, "aspect": 1.7777777777777777}, {"camera_to_world": [0.3259131497999292, -0.2856420780040787, 0.901215413794616, 0.43368381023840163, 0.9048293020215215, 0.3705034886685576, -0.20978822437800138, -0.46355943175479125, -0.2739791105006648, 0.8838188548327877, 0.37920928107223945, 0.02100053553202904, 0.0, 0.0, 0.0, 1.0], "fov": 40.0, "aspect": 1.7777777777777777}, {"camera_to_world": [0.32404515830919894, -0.28647089919641755, 0.9016258421817569, 0.4341203917276218, 0.9058074950527648, 0.3689340599063104, -0.20832772582467907, -0.46198572699498797, -0.2729606515280214, 0.8842070364765501, 0.3790387834546158, 0.020818899720047503, 0.0, 0.0, 0.0, 1.0], "fov": 40.0, "aspect": 1.7777777777777777}, {"camera_to_world": [0.3221670674263417, -0.2873003805712976, 0.9020348507621523, 0.4345564390487981, 0.906784693811962, 0.36735626235170815, -0.20685960354629224, -0.460403063132373, -0.2719373084632876, 0.8845947477995619, 0.37886967737095584, 0.0206384816429148, 0.0, 0.0, 0.0, 1.0], "fov": 40.0, "aspect": 1.7777777777777777}, {"camera_to_world": [0.3202789919813551, -0.2881302571312675, 0.9024424204462449, 0.4349919039867022, 0.9077607625555469, 0.3657701475486266, -0.20538402354328378, -0.45881158078857087, -0.2709091457665822, 0.8849820077762744, 0.3787018360825507, 0.020459176322656713, 0.0, 0.0, 0.0, 1.0], "fov": 40.0, "aspect": 1.7777777777777777}, {"camera_to_world": [0.31838104798485894, -0.2889602644076332, 0.9028485331867875, 0.43542673832610523, 0.9087355666500687, 0.3641757683208246, -0.2039011517209156, -0.457211420585206, -0.2698762275363313, 0.8853688357749036, 0.3785351323844995, 0.020280878781299038, 0.0, 0.0, 0.0, 1.0], "fov": 40.0, "aspect": 1.7777777777777777}, {"camera_to_world": [0.3164733526332314, -0.28979013847409324, 0.9032531719934608, 0.43586089385177873, 0.9097089725912677, 0.36257317878072626, -0.20241115388184405, -0.45560272314390254, -0.26883861750132254, 0.8857552515633229, 0.37836943860197303, 0.020103484040867554, 0.0, 0.0, 0.0, 1.0], "fov": 40.0, "aspect": 1.7777777777777777}, {"camera_to_world": [0.3145560243133034, -0.2906196159602987, 0.9036563209469057, 0.436294322348494, 0.9106808480229525, 0.3609624343376285, -0.20091419571859437, -0.45398562908628504, -0.2677963790128703, 0.8861412753145753, 0.37820462658652576, 0.019926887123388026, 0.0, 0.0, 0.0, 1.0], "fov": 40.0, "aspect": 1.7777777777777777}, {"camera_to_world": [0.3126291826065969, -0.29144843406533205, 0.9040579652121854, 0.4367269756010227, 0.9116510617556808, 0.3593435917053275, -0.19941044280592457, -0.4523602790339778, -0.2667495750370956, 0.8865269276120048, 0.37804056771244565, 0.01975098305088626, 0.0, 0.0, 0.0, 1.0], "fov": 40.0, "aspect": 1.7777777777777777}, {"camera_to_world": [0.31069294829312727, -0.2922763305710942, 0.9044580910516642, 0.437158805394136, 0.9126194837852388, 0.35771670890917345, -0.19790006059310244, -0.45072681360860517, -0.2656982681473256, 0.8869122294540119, 0.37787713287314134, 0.01957566684538803, 0.0, 0.0, 0.0, 1.0], "fov": 40.0, "aspect": 1.7777777777777777}, {"camera_to_world": [0.3087474433547661, -0.29310304385560165, 0.9048566858373079, 0.4375897635126053, 0.9135859853109121, 0.3560818452925528, -0.19638321439608858, -0.4490853734317916, -0.26464252051661147, 0.8872972022584267, 0.37771419247757054, 0.0194008335289191, 0.0, 0.0, 0.0, 1.0], "fov": 40.0, "aspect": 1.7777777777777777}, {"camera_to_world": [0.3067927909781761, -0.293928312906183, 0.9052537380623988, 0.43801980174120214, 0.9145504387535428, 0.35443906152280874, -0.1948600693896343, -0.4474360991251614, -0.26358239391037414, 0.8876818678664984, 0.3775516164467062, 0.01922637812350526, 0.0, 0.0, 0.0, 1.0], "fov": 40.0, "aspect": 1.7777777777777777}, {"camera_to_world": [0.30482911555731335, -0.2947518773325682, 0.9056492373526702, 0.43844887186469783, 0.915512717773374, 0.3527884195965913, -0.19333079059929997, -0.44577913131033886, -0.2625179496791735, 0.888066248546507, 0.3773892742100347, 0.01905219565117231, 0.0, 0.0, 0.0, 1.0], "fov": 40.0, "aspect": 1.7777777777777777}, {"camera_to_world": [0.3028565426955063, -0.2955734773798691, 0.9060431744768553, 0.4388769256678639, 0.9164726972876744, 0.3511299828446477, -0.1917955428933958, -0.4441146106089485, -0.2614492487516076, 0.8884503669969921, 0.37722703470208846, 0.018878181133946008, 0.0, 0.0, 0.0, 1.0], "fov": 40.0, "aspect": 1.7777777777777777}, {"camera_to_world": [0.30087519920711936, -0.29639285394144455, 0.9064355413566493, 0.4393039149354717, 0.9174302534881377, 0.34946381593605746, -0.19025449097485425, -0.4424426776426147, -0.26037635162734685, 0.8888342463495964, 0.37706476635901337, 0.01870422959385215, 0.0, 0.0, 0.0, 1.0], "fov": 40.0, "aspect": 1.7777777777777777}, {"camera_to_world": [0.29888521311879707, -0.29720974857163923, 0.9068263310760856, 0.4397297914522925, 0.9183852638580554, 0.3477899848819059, -0.18870779937303594, -0.44076347303296154, -0.2592993183702987, 0.8892179101715321, 0.37690233711516274, 0.01853023605291652, 0.0, 0.0, 0.0, 1.0], "fov": 40.0, "aspect": 1.7777777777777777}, {"camera_to_world": [0.2968867136703057, -0.2980239034983978, 0.9072155378903208, 0.4401545070030979, 0.9193376071892547, 0.3461085570384135, -0.18715563243547717, -0.43907713740161364, -0.25821820860191497, 0.8896013824676564, 0.3767396143997243, 0.0183560955331649, 0.0, 0.0, 0.0, 1.0], "fov": 40.0, "aspect": 1.7777777777777777}, {"camera_to_world": [0.2948798313149696, -0.2988350616357402, 0.9076031572338314, 0.44057801337265917, 0.9202871635988004, 0.344419601109517, -0.18559815431958443, -0.4373838113701954, -0.25713308149464204, 0.8899846876821673, 0.3765764651333714, 0.01818170305662307, 0.0, 0.0, 0.0, 1.0], "fov": 40.0, "aspect": 1.7777777777777777}, {"camera_to_world": [0.29286469771970186, -0.2996429665961019, 0.9079891857280212, 0.4410002623457478, 0.9212338145454607, 0.34272318714889655, -0.18403552898427528, -0.43568363556033096, -0.25604399576550774, 0.8903678506999171, 0.37641275572493943, 0.018006953645316803, 0.0, 0.0, 0.0, 1.0], "fov": 40.0, "aspect": 1.7777777777777777}, {"camera_to_world": [0.29084144576465415, -0.300447362702523, 0.9083736211882336, 0.4414212057071352, 0.9221774428459206, 0.3410193865614765, -0.18246792018158453, -0.43397675059364504, -0.2549510096698669, 0.8907508968473358, 0.3762483520681288, 0.0178317423212719, 0.0, 0.0, 0.0, 1.0], "fov": 40.0, "aspect": 1.7777777777777777}, {"camera_to_world": [0.2888102095424702, -0.30124799500068616, 0.908756462630171, 0.44184079524159275, 0.9231179326907504, 0.3393082721043808, -0.18089549144822553, -0.4322632970917616, -0.25385418099529106, 0.8911338518929726, 0.37608311953822654, 0.017655964106514127, 0.0, 0.0, 0.0, 1.0], "fov": 40.0, "aspect": 1.7777777777777777}, {"camera_to_world": [0.2867711243571555, -0.30204460927080173, 0.9091377102757214, 0.44225898273389186, 0.9240551696601231, 0.337589917887352, -0.17931840609712085, -0.4305434156763052, -0.25275356705560825, 0.891516742047652, 0.37591692298885193, 0.017479514023069263, 0.0, 0.0, 0.0, 1.0], "fov": 40.0, "aspect": 1.7777777777777777}, {"camera_to_world": [0.2847243267225819, -0.30283695203931627, 0.9095173655581896, 0.44267571996880395, 0.924989040739269, 0.3358643993726563, -0.17773682720891615, -0.42881724696890033, -0.25164922468511536, 0.8918995939642433, 0.37574962674871487, 0.0173022870929631, 0.0, 0.0, 0.0, 1.0], "fov": 40.0, "aspect": 1.7777777777777777}, {"camera_to_world": [0.2826699543606046, -0.3036247705904655, 0.9098954311269297, 0.4430909587311004, 0.9259194343336745, 0.334131793374444, -0.17615091762345775, -0.4270849315911711, -0.25054121023293174, 0.892282434737043, 0.37558109461839645, 0.01712417833822143, 0.0, 0.0, 0.0, 1.0], "fov": 40.0, "aspect": 1.7777777777777777}, {"camera_to_world": [0.2806081461988291, -0.30440781297763914, 0.9102719108513825, 0.4435046508055526, 0.9268462402840125, 0.33239217805760646, -0.17456083993127203, -0.42534661016474207, -0.2494295795575322, 0.8926652919007724, 0.3754111898671396, 0.016945082780870008, 0.0, 0.0, 0.0, 1.0], "fov": 40.0, "aspect": 1.7777777777777777}, {"camera_to_world": [0.2785390423680137, -0.3051858280345694, 0.9106468098245137, 0.44391674797693204, 0.9277693498808028, 0.3306456329361081, -0.1729667564650298, -0.4236024233112376, -0.24831438802144024, 0.8930481934291871, 0.3752397752296563, 0.016764895442934635, 0.0, 0.0, 0.0, 1.0], "fov": 40.0, "aspect": 1.7777777777777777}, {"camera_to_world": [0.27646278419910947, -0.3059585653863318, 0.9110201343656541, 0.44432720203001014, 0.9286886558788058, 0.3288922388708017, -0.17136882929100278, -0.42185251165228194, -0.2471956904860883, 0.8934311677333009, 0.37506671290294047, 0.016583511346441093, 0.0, 0.0, 0.0, 1.0], "fov": 40.0, "aspect": 1.7777777777777777}, {"camera_to_world": [0.27437951421997475, -0.30672577546014707, 0.911391892022736, 0.4447359647495581, 0.9296040525111269, 0.3271320780667527, -0.16976722020053808, -0.42009701580949954, -0.2460735413068636, 0.8938142436592178, 0.3748918645430971, 0.016400825513415162, 0.0, 0.0, 0.0, 1.0], "fov": 40.0, "aspect": 1.7777777777777777}, {"camera_to_world": [0.2722893761517252, -0.30748720949598846, 0.9117620915739341, 0.44514298792034757, 0.9305154355030545, 0.32536523407004003, -0.1681620907015295, -0.41833607640451476, -0.24494799432831804, 0.8941974504855841, 0.37471509126216956, 0.016216732965882615, 0.0, 0.0, 0.0, 1.0], "fov": 40.0, "aspect": 1.7777777777777777}, {"camera_to_world": [0.27019251490476814, -0.3082426195569784, 0.9121307430286998, 0.4455482233271499, 0.9314227020855991, 0.3235917917640754, -0.1665536020099122, -0.4165698340589519, -0.24381910287956837, 0.894580817920643, 0.37453625362498005, 0.01603112872586924, 0.0, 0.0, 0.0, 1.0], "fov": 40.0, "aspect": 1.7777777777777777}, {"camera_to_world": [0.2680890765744918, -0.30899175853958033, 0.9124978576281995, 0.4459516227547364, 0.932325751008759, 0.3218118373654129, -0.16494191504117572, -0.41479842939443534, -0.24268691976987483, 0.8949643760989119, 0.3743552116459655, 0.015843907815400838, 0.0, 0.0, 0.0, 1.0], "fov": 40.0, "asp