{"default_fov": 51.46, "default_transition_sec": 4.285, "keyframes": [{"matrix": [-0.6006753701876449, -0.23142074522535222, 0.765266971931547, 1.1281753942376587, 0.7994930266424696, -0.17387111228614072, 0.5749606392288469, 0.784174753707142, 5.551115123125783e-17, 0.9571903023911825, 0.28945936676548734, 0.057408385510423224, 0.0, 0.0, 0.0, 1.0], "fov": 51.46, "aspect": 1.7777777777777777, "override_transition_enabled": false, "override_transition_sec": null}, {"matrix": [0.2632247467059059, -0.2792514490530851, 0.9234345460959126, 1.3526637719474754, 0.9647345400272616, 0.07619286849849716, -0.25195617489626854, -0.389474264909592, 1.1102230246251565e-16, 0.9571903023911824, 0.28945936676548745, 0.057408377809656554, 0.0, 0.0, 0.0, 1.0], "fov": 51.46, "aspect": 1.7777777777777777, "override_transition_enabled": false, "override_transition_sec": null}, {"matrix": [0.9076420039248858, -0.12149916592966828, 0.4017759890655644, 0.612269997900378, 0.41974515209972063, 0.2627254797058558, -0.8687861241998001, -1.2649454863728535, -2.220446049250313e-16, 0.9571903023911823, 0.28945936676548767, 0.05740837780965676, 0.0, 0.0, 0.0, 1.0], "fov": 51.46, "aspect": 1.7777777777777777, "override_transition_enabled": false, "override_transition_sec": null}, {"matrix": [0.9629675417891286, 0.07804326634764251, -0.25807510929648736, -0.32426145249233584, -0.269617346364441, 0.27873997486199914, -0.9217431925180296, -1.3401078375816782, -3.0531133177191805e-16, 0.9571903023911824, 0.28945936676548745, 0.05740837780965702, 0.0, 0.0, 0.0, 1.0], "fov": 51.46, "aspect": 1.7777777777777777, "override_transition_enabled": false, "override_transition_sec": null}, {"matrix": [0.4252816618119987, 0.2619783990406541, -0.8663156621939376, -1.1875416813299073, -0.9050610521541764, 0.12310176052507521, -0.4070754824712517, -0.6096362233691994, -2.220446049250313e-16, 0.9571903023911823, 0.28945936676548767, 0.05740837780965726, 0.0, 0.0, 0.0, 1.0], "fov": 51.46, "aspect": 1.7777777777777777, "override_transition_enabled": false, "override_transition_sec": null}, {"matrix": [-0.40436768573199033, 0.2647385264139798, -0.8754429092567426, -1.2004960492941952, -0.9145965092518966, -0.11704801425240785, 0.3870568273830262, 0.5174815245556028, 5.551115123125783e-17, 0.9571903023911823, 0.28945936676548795, 0.05740837780965726, 0.0, 0.0, 0.0, 1.0], "fov": 51.46, "aspect": 1.7777777777777777, "override_transition_enabled": false, "override_transition_sec": null}, {"matrix": [-0.8895481367004271, 0.13223703748016566, -0.43728420782286237, -0.5786142259939538, -0.456841452248807, -0.25748804035672535, 0.8514668499597943, 1.1766220383781478, 1.3877787807814457e-16, 0.9571903023911824, 0.28945936676548767, 0.05740837780965709, 0.0, 0.0, 0.0, 1.0], "fov": 51.46, "aspect": 1.7777777777777777, "override_transition_enabled": false, "override_transition_sec": null}], "camera_type": "perspective", "render_height": 1080.0, "render_width": 1920.0, "fps": 30.0, "seconds": 29.995, "is_cycle": true, "smoothness_value": 0.0, "camera_path": [{"camera_to_world": [-0.6006753701876449, -0.23142074522535222, 0.765266971931547, 1.1281753942376587, 0.7994930266424696, -0.17387111228614072, 0.5749606392288469, 0.784174753707142, 5.551115123125783e-17, 0.9571903023911825, 0.28945936676548734, 0.057408385510423224, 0.0, 0.0, 0.0, 1.0], "fov": 51.46000000000001, "aspect": 1.7777777777777777}, {"camera_to_world": [-0.5934789300315053, -0.2329712341565663, 0.7703941612345115, 1.1356337762232214, 0.804849526065997, -0.17178803527557884, 0.5680722764996518, 0.7780214572515167, 5.551115123125783e-17, 0.9571903023911823, 0.28945936676548756, 0.05740838550926146, 0.0, 0.0, 0.0, 1.0], "fov": 51.46000000000001, "aspect": 1.7777777777777777}, {"camera_to_world": [-0.5862804241450246, -0.23449340096610333, 0.7754276943517555, 1.1429716509886836, 0.8101081805933881, -0.16970436032002012, 0.561181936473407, 0.7717568852361569, 0.0, 0.9571903023911821, 0.28945936676548767, 0.057408385505797986, 0.0, 0.0, 0.0, 1.0], "fov": 51.46000000000001, "aspect": 1.7777777777777777}, {"camera_to_world": [-0.5790807940823341, -0.23598758428099298, 0.7803686910622403, 1.1501897513227193, 0.8152701600849702, -0.16762035996112812, 0.5542905203965955, 0.7653825663195702, 2.7755575615628914e-16, 0.9571903023911821, 0.28945936676548767, 0.057408385500065516, 0.0, 0.0, 0.0, 1.0], "fov": 51.46000000000001, "aspect": 1.7777777777777777}, {"camera_to_world": [-0.5718809448709252, -0.23745412116742465, 0.7852182659835053, 1.1572888100140022, 0.8203366290088094, -0.1655362961675867, 0.5473988945527563, 0.7589000291602636, 2.220446049250313e-16, 0.957190302391182, 0.2894593667654878, 0.05740838549209678, 0.0, 0.0, 0.0, 1.0], "fov": 51.46000000000001, "aspect": 1.7777777777777777}, {"camera_to_world": [-0.5646817456880812, -0.23889334697907794, 0.7899775280701316, 1.1642695598512056, 0.8253087459167396, -0.16345242053090203, 0.540507890909955, 0.7523108024167444, 5.551115123125783e-17, 0.9571903023911823, 0.28945936676548734, 0.057408385481924486, 0.0, 0.0, 0.0, 1.0], "fov": 51.46000000000001, "aspect": 1.7777777777777777}, {"camera_to_world": [-0.5574840305327852, -0.24030559521167977, 0.7946475801327786, 1.1711327336230033, 0.8301876629418921, -0.1613689744598915, 0.5336183077639318, 0.7456164147475199, 0.0, 0.9571903023911823, 0.2894593667654872, 0.057408385469581345, 0.0, 0.0, 0.0, 1.0], "fov": 51.46000000000001, "aspect": 1.7777777777777777}, {"camera_to_world": [-0.5502885988928358, -0.2416911973636086, 0.7992295183772338, 1.177879064118069, 0.8349745253171259, -0.15928618937378758, 0.5267309103766534, 0.7388183948110976, 1.1102230246251565e-16, 0.9571903023911824, 0.28945936676548734, 0.057408385455100096, 0.0, 0.0, 0.0, 1.0], "fov": 51.46000000000001, "aspect": 1.7777777777777777}, {"camera_to_world": [-0.5430962164068748, -0.2430504828023759, 0.8037244319628895, 1.1845092841250762, 0.8396704709137612, -0.15720428689386634, 0.5198464316100032, 0.7319182712659845, 1.1102230246251565e-16, 0.9571903023911824, 0.28945936676548734, 0.05740838543851344, 0.0, 0.0, 0.0, 1.0], "fov": 51.46000000000001, "aspect": 1.7777777777777777}, {"camera_to_world": [-0.5359076155210895, -0.2443837786368172, 0.8081334025801014, 1.1910241264326984, 0.8442766298000324, -0.15512347903353751, 0.5129655725543687, 0.7249175727706882, 3.3306690738754696e-16, 0.9571903023911825, 0.28945936676548745, 0.057408385419854116, 0.0, 0.0, 0.0, 1.0], "fov": 51.46000000000001, "aspect": 1.7777777777777777}, {"camera_to_world": [-0.5287234961403446, -0.24569140959482394, 0.812457504045867, 1.1974243238296096, 0.8487941238186865, -0.153043968386819, 0.5060890031518993, 0.717817827983716, -5.551115123125783e-17, 0.9571903023911824, 0.28945936676548745, 0.05740838539915481, 0.0, 0.0, 0.0, 1.0], "fov": 51.46000000000001, "aspect": 1.7777777777777777}, {"camera_to_world": [-0.5215445262735339, -0.24697369790645007, 0.8166978019172875, 1.2037106091044834, 0.853224066183154, -0.15096594831514298, 0.4992173628142299, 0.7106205655635749, -1.6653345369377348e-16, 0.9571903023911824, 0.28945936676548734, 0.05740838537644827, 0.0, 0.0, 0.0, 1.0], "fov": 51.46000000000001, "aspect": 1.7777777777777777}, {"camera_to_world": [-0.5143713426729412, -0.24823096319223875, 0.8208553531222722, 1.2098837150459931, 0.8575675610917408, -0.1488896031324235, 0.49235126103447063, 0.7033273141687725, 5.551115123125783e-17, 0.9571903023911825, 0.2894593667654872, 0.0574083853517672, 0.0, 0.0, 0.0, 1.0], "fov": 51.46000000000001, "aspect": 1.7777777777777777}, {"camera_to_world": [-0.5072045514674323, -0.24946352235659847, 0.8249312056069644, 1.2159443744428124, 0.861825703359282, -0.1468151082883361, 0.4854912779932955, 0.6959396024578159, 5.551115123125783e-17, 0.9571903023911824, 0.2894593667654872, 0.05740838532514432, 0.0, 0.0, 0.0, 1.0], "fov": 51.46000000000001, "aspect": 1.7777777777777777}, {"camera_to_world": [-0.5000447287893147, -0.250671689486085, 0.8289263979993715, 1.2218933200836153, 0.865999578065729, -0.14474263054977488, 0.4786379651589609, 0.6884589590892126, 1.1102230246251565e-16, 0.9571903023911823, 0.2894593667654872, 0.05740838529661235, 0.0, 0.0, 0.0, 1.0], "fov": 51.46000000000001, "aspect": 1.7777777777777777}, {"camera_to_world": [-0.4928924213946988, -0.251855775752426, 0.8328419592886842, 1.227731284757075, 0.8700902602211282, -0.14267232818041742, 0.4717918458811137, 0.6808869127214698, 1.1102230246251565e-16, 0.9571903023911823, 0.28945936676548767, 0.05740838526620401, 0.0, 0.0, 0.0, 1.0], "fov": 51.46000000000001, "aspect": 1.7777777777777777}, {"camera_to_world": [-0.4857481472772337, -0.25301608932014025, 0.8366789085197968, 1.2334590012518654, 0.8740988144464763, -0.14060435111837688, 0.46495341597825174, 0.6732249920130948, -5.551115123125783e-17, 0.9571903023911825, 0.2894593667654872, 0.05740838523395202, 0.0, 0.0, 0.0, 1.0], "fov": 51.46000000000001, "aspect": 1.7777777777777777}, {"camera_to_world": [-0.478612396275088, -0.2541529352586069, 0.8404382545025257, 1.2390772023566599, 0.8780262946699362, -0.1385388411518993, 0.45812314431872003, 0.6654747256225948, -1.1102230246251565e-16, 0.9571903023911822, 0.28945936676548734, 0.05740838519988909, 0.0, 0.0, 0.0, 1.0], "fov": 51.46000000000001, "aspect": 1.7777777777777777}, {"camera_to_world": [-0.4714856306710703, -0.2552666154584331, 0.8441209955350593, 1.2445866208601324, 0.8818737438379165, -0.13647593209307463, 0.451301473395139, 0.6576376422084773, 5.551115123125783e-17, 0.9571903023911823, 0.28945936676548756, 0.05740838516404795, 0.0, 0.0, 0.0, 1.0], "fov": 51.46000000000001, "aspect": 1.7777777777777777}, {"camera_to_world": [-0.4643682857857777, -0.2563574285519798, 0.8477281191411519, 1.2499879895509562, 0.8856421936405121, -0.134415749949526, 0.4444888198921635, 0.6497152704292496, 0.0, 0.9571903023911823, 0.28945936676548734, 0.057408385126461306, 0.0, 0.0, 0.0, 1.0], "fov": 51.46000000000001, "aspect": 1.7777777777777777}, {"camera_to_world": [-0.4572607705637092, -0.2574256698379098, 0.8512606018206099, 1.2552820412178056, 0.8893326642508323, -0.13235841309407037, 0.4376855752475015, 0.6417091389434187, 5.551115123125783e-17, 0.9571903023911825, 0.28945936676548745, 0.057408385087161874, 0.0, 0.0, 0.0, 1.0], "fov": 51.46000000000001, "aspect": 1.7777777777777777}, {"camera_to_world": [-0.45016346815224695, -0.2584716312096121, 0.8547194088126134, 1.2604695086493534, 0.892946164077735, -0.13030403243230537, 0.4308921062061125, 0.6336207764094924, 2.220446049250313e-16, 0.9571903023911824, 0.28945936676548745, 0.057408385046182384, 0.0, 0.0, 0.0, 1.0], "fov": 51.46000000000001, "aspect": 1.7777777777777777}, {"camera_to_world": [-0.443076736473467, -0.2594956010873776, 0.8581054938714255, 1.2655511246342737, 0.8964836895315065, -0.1282527115681289, 0.4241087553675358, 0.6254517114859774, 2.220446049250313e-16, 0.9571903023911825, 0.28945936676548734, 0.05740838500355555, 0.0, 0.0, 0.0, 1.0], "fov": 51.46000000000001, "aspect": 1.7777777777777777}, {"camera_to_world": [-0.4360009087887019, -0.26049786435418704, 0.8614197990540582, 1.2705276219612398, 0.8999462248020302, -0.1262045469671551, 0.4173358417262876, 0.6172034728313817, 1.6653345369377348e-16, 0.9571903023911823, 0.2894593667654878, 0.05740838495931409, 0.0, 0.0, 0.0, 1.0], "fov": 51.46000000000001, "aspect": 1.7777777777777777}, {"camera_to_world": [-0.4289362942558451, -0.2614787022949845, 0.8646632545194659, 1.275399733418926, 0.903334741648999, -0.12415962811803216, 0.41057366120530525, 0.608877589104212, 2.220446049250313e-16, 0.9571903023911825, 0.28945936676548756, 0.05740838491349074, 0.0, 0.0, 0.0, 1.0], "fov": 51.46000000000001, "aspect": 1.7777777777777777}, {"camera_to_world": [-0.4218831784793394, -0.26243839253931556, 0.8678367783388474, 1.280168191796005, 0.9066501992037336, -0.12211803769164054, 0.4038224871823922, 0.6004755889629759, -5.551115123125783e-17, 0.9571903023911824, 0.2894593667654872, 0.05740838486611819, 0.0, 0.0, 0.0, 1.0], "fov": 51.46000000000001, "aspect": 1.7777777777777777}, {"camera_to_world": [-0.4148418240528491, -0.263377209007197, 0.8709412763166551, 1.2848337298811514, 0.909893543782186, -0.12007985169817759, 0.3970825710096562, 0.5919990010661806, 5.551115123125783e-17, 0.9571903023911823, 0.28945936676548767, 0.05740838481722917, 0.0, 0.0, 0.0, 1.0], "fov": 51.46000000000001, "aspect": 1.7777777777777777}, {"camera_to_world": [-0.4078124710945895, -0.264295421858102, 0.8739776418219019, 1.289397080463038, 0.9130657087087022, -0.11804513964210872, 0.3903541425259254, 0.5834493540723337, 5.551115123125783e-17, 0.9571903023911823, 0.28945936676548756, 0.057408384766856405, 0.0, 0.0, 0.0, 1.0], "fov": 51.46000000000001, "aspect": 1.7777777777777777}, {"camera_to_world": [-0.4007953377753247, -0.26519329744294756, 0.8769467556293826, 1.2938589763303388, 0.916167614150142, -0.11601396467500535, 0.3836374105621389, 0.5748281766399419, 1.6653345369377348e-16, 0.9571903023911823, 0.28945936676548734, 0.05740838471503259, 0.0, 0.0, 0.0, 1.0], "fov": 51.46000000000001, "aspect": 1.7777777777777777}, {"camera_to_world": [-0.39379062083902716, -0.26607109825895975, 0.8798494857704269, 1.2982201502717277, 0.9192001669599574, -0.11398638374625303, 0.37693256343971976, 0.566136997427513, -5.551115123125783e-17, 0.9571903023911823, 0.2894593667654875, 0.057408384661790476, 0.0, 0.0, 0.0, 1.0], "fov": 51.46000000000001, "aspect": 1.7777777777777777}, {"camera_to_world": [-0.3867984961162241, -0.2669290829073091, 0.8826866873928092, 1.3024813350758777, 0.922164260531836, -0.11196244775164521, 0.37023976946194287, 0.5573773450935542, 5.551115123125783e-17, 0.9571903023911825, 0.2894593667654872, 0.05740838460716276, 0.0, 0.0, 0.0, 1.0], "fov": 51.46000000000001, "aspect": 1.7777777777777777}, {"camera_to_world": [-0.3798191190300393, -0.2677675060534081, 0.885459202629451, 1.306643263531463, 0.9250607746625326, -0.10994220167986068, 0.3635591773983157, 0.5485507482965727, 1.6653345369377348e-16, 0.9571903023911823, 0.28945936676548756, 0.05740838455118217, 0.0, 0.0, 0.0, 1.0], "fov": 51.46000000000001, "aspect": 1.7777777777777777}, {"camera_to_world": [-0.37285262509497585, -0.268586618389755, 0.8881678604755645, 1.3107066684271569, 0.9278905754235172, -0.1079256847568415, 0.356890916962006, 0.5396587356950759, 5.551115123125783e-17, 0.9571903023911823, 0.28945936676548734, 0.057408384493881415, 0.0, 0.0, 0.0, 1.0], "fov": 51.46000000000001, "aspect": 1.7777777777777777}, {"camera_to_world": [-0.3658991304084589, -0.2693866666012306, 0.8908134766738831, 1.314672282551633, 0.9306545150410723, -0.10591293058807516, 0.35023509928034346, 0.5307028359475712, 1.1102230246251565e-16, 0.9571903023911822, 0.2894593667654875, 0.05740838443529321, 0.0, 0.0, 0.0, 1.0], "fov": 51.46000000000001, "aspect": 1.7777777777777777}, {"camera_to_world": [-0.35895873213519114, -0.2701678933327349, 0.8933968536076498, 1.3185408386935653, 0.9333534317844963, -0.10390396729879492, 0.3435918173584388, 0.5216845777125656, 1.6653345369377348e-16, 0.9571903023911824, 0.28945936676548734, 0.057408384375450296, 0.0, 0.0, 0.0, 1.0], "fov": 51.46000000000001, "aspect": 1.7777777777777777}, {"camera_to_world": [-0.3520315089843664, -0.27093053715907023, 0.895918780201022, 1.3223130696416274, 0.9359881498620533, -0.10189881767211362, 0.33696114653597004, 0.5126054896485666, 0.0, 0.9571903023911821, 0.28945936676548767, 0.05740838431438537, 0.0, 0.0, 0.0, 1.0], "fov": 51.46000000000001, "aspect": 1.7777777777777777}, {"camera_to_world": [-0.3451175216797998, -0.2716748325569718, 0.8983800318265844, 1.3259897081844925, 0.9385594793243492, -0.09989749928510938, 0.33034314493718275, 0.5034671004140815, -5.551115123125783e-17, 0.9571903023911825, 0.2894593667654873, 0.05740838425213116, 0.0, 0.0, 0.0, 1.0], "fov": 51.46000000000001, "aspect": 1.7777777777777777}, {"camera_to_world": [-0.33821681342302234, -0.27240100987919025, 0.9007813702196412, 1.3295714871108344, 0.9410682159747916, -0.0979000246428694, 0.32373785391416465, 0.4942709386676176, 5.551115123125783e-17, 0.9571903023911825, 0.2894593667654874, 0.057408384188720386, 0.0, 0.0, 0.0, 1.0], "fov": 51.46000000000001, "aspect": 1.7777777777777777}, {"camera_to_world": [-0.3313294103494272, -0.27310929533053446, 0.9031235433989973, 1.3330591392093267, 0.9435151412868272, -0.09590640131052786, 0.31714529848345996, 0.4850185330676823, 1.1102230246251565e-16, 0.9571903023911825, 0.2894593667654873, 0.05740838412418575, 0.0, 0.0, 0.0, 1.0], "fov": 51.46000000000001, "aspect": 1.7777777777777777}, {"camera_to_world": [-0.32445532197751703, -0.2737999109457848, 0.905407285593918, 1.3364533972686434, 0.9459010223276357, -0.09391663204330469, 0.3105654877560877, 0.4757114122727826, 0.0, 0.9571903023911825, 0.2894593667654874, 0.057408384058560004, 0.0, 0.0, 0.0, 1.0], "fov": 51.46000000000001, "aspect": 1.7777777777777777}, {"camera_to_world": [-0.3175945416513415, -0.2744730745693877, 0.9076333171769875, 1.3397549940774578, 0.9482266116879838, -0.09193071491457283, 0.30399841536103633, 0.46635110494142606, 2.220446049250313e-16, 0.9571903023911824, 0.2894593667654876, 0.057408383991875825, 0.0, 0.0, 0.0, 1.0], "fov": 51.46000000000001, "aspect": 1.7777777777777777}, {"camera_to_world": [-0.31074704697619915, -0.27512899983684996, 0.9098023446025773, 1.3429646624244436, 0.950492647417944, -0.08994864344197595, 0.29744405986231487, 0.45693913973212, 0.0, 0.9571903023911823, 0.2894593667654876, 0.05740838392416596, 0.0, 0.0, 0.0, 1.0], "fov": 51.46000000000001, "aspect": 1.7777777777777777}, {"camera_to_world": [-0.30391280024769396, -0.27576789615774455, 0.911915060350654, 1.3460831350982745, 0.9526998529681872, -0.0879704067116237, 0.2909023851696412, 0.44747704530337157, 0.0, 0.9571903023911824, 0.2894593667654874, 0.05740838385546312, 0.0, 0.0, 0.0, 1.0], "fov": 51.46000000000001, "aspect": 1.7777777777777777}, {"camera_to_world": [-0.2970917488742282, -0.27638996870025273, 0.91397214287566, 1.3491111448876238, 0.954848937136578, -0.08599598950038556, 0.28437334094284755, 0.43796635031368825, 1.6653345369377348e-16, 0.9571903023911823, 0.2894593667654876, 0.05740838378580002, 0.0, 0.0, 0.0, 1.0], "fov": 51.46000000000001, "aspect": 1.7777777777777777}, {"camera_to_world": [-0.290283825793029, -0.27699541837716, 0.9159742565602076, 1.3520494245811654, 0.9569405940197976, -0.08402537239631325, 0.27785686299009854, 0.4284085834215771, -5.551115123125783e-17, 0.9571903023911825, 0.2894593667654873, 0.05740838371520938, 0.0, 0.0, 0.0, 1.0], "fov": 51.46000000000001, "aspect": 1.7777777777777777}, {"camera_to_world": [-0.28348894987980733, -0.27758444183323266, 0.9179220516733309, 1.3548987069675733, 0.9589755029697287, -0.08205853191722223, 0.2713528736600113, 0.4188052732855456, 1.6653345369377348e-16, 0.9571903023911823, 0.2894593667654876, 0.057408383643723915, 0.0, 0.0, 0.0, 1.0], "fov": 51.46000000000001, "aspect": 1.7777777777777777}, {"camera_to_world": [-0.2767070263521433, -0.2781572314338984, 0.9198161643330602, 1.3576597248355202, 0.9609543285543567, -0.08009544062745266, 0.26486128222777267, 0.4091579485641012, 1.1102230246251565e-16, 0.9571903023911823, 0.2894593667654875, 0.057408383571376356, 0.0, 0.0, 0.0, 1.0], "fov": 51.46000000000001, "aspect": 1.7777777777777777}, {"camera_to_world": [-0.2699379471667046, -0.27871397525516206, 0.921657216473072, 1.3603332109736808, 0.9628777205229261, -0.07813606725285027, 0.2583819852753526, 0.39946813791575086, 1.1102230246251565e-16, 0.9571903023911825, 0.2894593667654872, 0.05740838349819941, 0.0, 0.0, 0.0, 1.0], "fov": 51.46000000000001, "aspect": 1.7777777777777777}, {"camera_to_world": [-0.2631815914104043, -0.27925485707468517, 0.9234458158131881, 1.362919898170728, 0.9647463137751227, -0.07618037679398892, 0.25191486706591737, 0.389737369999002, 0.0, 0.9571903023911824, 0.28945936676548734, 0.057408383424225794, 0.0, 0.0, 0.0, 1.0], "fov": 51.46000000000001, "aspect": 1.7777777777777777}, {"camera_to_world": [-0.2564378256856086, -0.27978005636396075, 0.925182555833505, 1.3654205192153355, 0.966560728334044, -0.07422833063767476, 0.24545979991254485, 0.37996717347236214, 5.551115123125783e-17, 0.9571903023911824, 0.2894593667654875, 0.05740838334948824, 0.0, 0.0, 0.0, 1.0], "fov": 51.46000000000001, "aspect": 1.7777777777777777}, {"camera_to_world": [-0.2497065044895017, -0.2802897482815205, 0.926868015751928, 1.3678358068961773, 0.9683215693227298, -0.07227988666675444, 0.23901664454135135, 0.3701590769943384, 0.0, 0.9571903023911823, 0.2894593667654876, 0.05740838327401944, 0.0, 0.0, 0.0, 1.0], "fov": 51.46000000000001, "aspect": 1.7777777777777777}, {"camera_to_world": [-0.2429874705877273, -0.2807841036671098, 0.9285027605049089, 1.3701664940019267, 0.9700294269440378, -0.07033499936827137, 0.2325852504491352, 0.360314609223438, 2.220446049250313e-16, 0.9571903023911823, 0.2894593667654874, 0.057408383197852145, 0.0, 0.0, 0.0, 1.0], "fov": 51.46000000000001, "aspect": 1.7777777777777777}, {"camera_to_world": [-0.236280555382422, -0.2812632890367684, 0.9300873407311779, 1.3724133133212575, 0.9716848764636481, -0.06839361993999382, 0.22616545625565665, 0.3504352988181683, 1.1102230246251565e-16, 0.9571903023911826, 0.2894593667654872, 0.05740838312101905, 0.0, 0.0, 0.0, 1.0], "fov": 51.46000000000001, "aspect": 1.7777777777777777}, {"camera_to_world": [-0.22958557927475776, -0.2817274665787576, 0.9316222927582771, 1.3745769976428432, 0.973288478195994, -0.0664556963953592, 0.21975709005066008, 0.34052267443703677, 5.551115123125783e-17, 0.9571903023911823, 0.28945936676548767, 0.05740838304355287, 0.0, 0.0, 0.0, 1.0], "fov": 51.46000000000001, "aspect": 1.7777777777777777}, {"camera_to_world": [-0.22290235202212438, -0.2821767941502767, 0.9331081385917056, 1.3766582797553575, 0.9748407774929224, -0.06452117366686194, 0.21335996973576288, 0.33057826473855056, -1.1102230246251565e-16, 0.9571903023911825, 0.2894593667654873, 0.05740838296548635, 0.0, 0.0, 0.0, 1.0], "fov": 51.46000000000001, "aspect": 1.7777777777777777}, {"camera_to_world": [-0.2162306730900535, -0.2826114252749158, 0.9345453859064861, 1.3786578924474742, 0.9763423047348826, -0.06258999370792195, 0.2069739033613172, 0.32060359838121705, -5.551115123125783e-17, 0.9571903023911823, 0.28945936676548756, 0.05740838288685218, 0.0, 0.0, 0.0, 1.0], "fov": 51.46000000000001, "aspect": 1.7777777777777777}, {"camera_to_world": [-0.20957033199904063, -0.2830315091407835, 0.935934528040986, 1.3805765685078666, 0.9777935753244713, -0.06066209559327562, 0.20059868945838194, 0.3106002040235435, 1.1102230246251565e-16, 0.9571903023911825, 0.2894593667654874, 0.0574083828076831, 0.0, 0.0, 0.0, 1.0], "fov": 51.46000000000001, "aspect": 1.7777777777777777}, {"camera_to_world": [-0.20292110866636215, -0.28343719059926686, 0.9372760439928088, 1.3824150407252085, 0.9791950896821403, -0.05873741561791601, 0.194234117365909, 0.30056961032403706, 1.1102230246251565e-16, 0.9571903023911825, 0.2894593667654872, 0.05740838272801182, 0.0, 0.0, 0.0, 1.0], "fov": 51.46000000000001, "aspect": 1.7777777777777777}, {"camera_to_world": [-0.19628277374303582, -0.2838286101643692, 0.9385703984166041, 1.3841740418881736, 0.9805473332439085, -0.056815887394632836, 0.18787996755327624, 0.29051334594120537, 1.6653345369377348e-16, 0.9571903023911823, 0.28945936676548745, 0.057408382647871056, 0.0, 0.0, 0.0, 1.0], "fov": 51.46000000000001, "aspect": 1.7777777777777777}, {"camera_to_world": [-0.18965508894604743, -0.28420590401257356, 0.9398180416236235, 1.3858543047854355, 0.9818507764608975, -0.05489744195017521, 0.1815360119382935, 0.28043293953355547, 1.1102230246251565e-16, 0.9571903023911824, 0.2894593667654875, 0.057408382567293526, 0.0, 0.0, 0.0, 1.0], "fov": 51.46000000000001, "aspect": 1.7777777777777777}, {"camera_to_world": [-0.18303780738597342, -0.2845692039831952, 0.941019409582877, 1.3874565622056676, 0.9831058748005405, -0.05298200782008744, 0.17520201420079862, 0.2703299197595948, 1.6653345369377348e-16, 0.9571903023911825, 0.28945936676548745, 0.05740838248631195, 0.0, 0.0, 0.0, 1.0], "fov": 51.46000000000001, "aspect": 1.7777777777777777}, {"camera_to_world": [-0.17643067389013745, -0.28491863757916747, 0.9421749239237391, 1.388981546937544, 0.9843130687493042, -0.05106951114224745, 0.16887773009198054, 0.26020581527783043, -2.220446049250313e-16, 0.9571903023911825, 0.28945936676548734, 0.057408382404959046, 0.0, 0.0, 0.0, 1.0], "fov": 51.46000000000001, "aspect": 1.7777777777777777}, {"camera_to_world": [-0.16983342532142998, -0.28525432796822675, 0.9432849919398623, 1.3904299917697378, 0.9854727838167783, -0.049159875749154924, 0.16256290773954973, 0.25006215474676996, 5.551115123125783e-17, 0.9571903023911824, 0.28945936676548745, 0.05740838232326754, 0.0, 0.0, 0.0, 1.0], "fov": 51.46000000000001, "aspect": 1.7777777777777777}, {"camera_to_world": [-0.16324579089293112, -0.2855763939844493, 0.9443500065942607, 1.391802629490923, 0.9865854305409854, -0.04725302325899927, 0.15625728794889243, 0.23990046682492058, 1.1102230246251565e-16, 0.9571903023911825, 0.28945936676548717, 0.05740838224127014, 0.0, 0.0, 0.0, 1.0], "fov": 51.46000000000001, "aspect": 1.7777777777777777}, {"camera_to_world": [-0.15666749247846945, -0.285884950130103, 0.9453703465254333, 1.3931001928897733, 0.9876514044947788, -0.045348873165554915, 0.1499606045003341, 0.22972228017078972, 1.1102230246251565e-16, 0.9571903023911825, 0.2894593667654872, 0.05740838215899956, 0.0, 0.0, 0.0, 1.0], "fov": 51.46000000000001, "aspect": 1.7777777777777777}, {"camera_to_world": [-0.15009824491924895, -0.2861801065777742, 0.9463463760543998, 1.3943234147549617, 0.9886710862931927, -0.04344734292693708, 0.14367258444264142, 0.21952912344288436, 5.551115123125783e-17, 0.9571903023911825, 0.2894593667654874, 0.05740838207648854, 0.0, 0.0, 0.0, 1.0], "fov": 51.46000000000001, "aspect": 1.7777777777777777}, {"camera_to_world": [-0.1435377563267003, -0.2864619691727365, 0.9472784451925292, 1.3954730278751626, 0.9896448416016209, -0.041548348053265904, 0.13739294838290572, 0.20932252529971232, 2.220446049250313e-16, 0.9571903023911825, 0.2894593667654874, 0.057408381993769776, 0.0, 0.0, 0.0, 1.0], "fov": 51.46000000000001, "aspect": 1.7777777777777777}, {"camera_to_world": [-0.13698572838166934, -0.2867306394355216, 0.948166889650045, 1.3965497650390493, 0.9905730211447028, -0.03965180219326725, 0.13112141077292644, 0.1991040143997802, 0.0, 0.9571903023911825, 0.2894593667654874, 0.057408381910875994, 0.0, 0.0, 0.0, 1.0], "fov": 51.46000000000001, "aspect": 1.7777777777777777}, {"camera_to_world": [-0.1304418566301062, -0.28698621456466367, 0.9490120308450971, 1.3975543590352952, 0.9914559607158003, -0.037757617219865036, 0.12485768019223864, 0.1888751194015957, 1.1102230246251565e-16, 0.9571903023911822, 0.28945936676548767, 0.057408381827839916, 0.0, 0.0, 0.0, 1.0], "fov": 51.46000000000001, "aspect": 1.7777777777777777}, {"camera_to_world": [-0.12390583077537975, -0.28722878743958147, 0.9498141759132948, 1.3984875426525742, 0.9922939811869583, -0.03586570331479333, 0.11860145962791613, 0.17863736896366644, 5.551115123125783e-17, 0.9571903023911825, 0.2894593667654872, 0.057408381744694245, 0.0, 0.0, 0.0, 1.0], "fov": 51.46000000000001, "aspect": 1.7777777777777777}, {"camera_to_world": [-0.11737733496736547, -0.2874584466235703, 0.9505736177175987, 1.3993500486795605, 0.9930873885192377, -0.0339759690522744, 0.11235244675128331, 0.16839229174449918, 5.551115123125783e-17, 0.9571903023911825, 0.28945936676548734, 0.05740838166147173, 0.0, 0.0, 0.0, 1.0], "fov": 51.46000000000001, "aspect": 1.7777777777777777}, {"camera_to_world": [-0.11085604808844718, -0.2876752763668739, 0.9512906348584829, 1.4001426099049266, 0.9938364737733327, -0.032088321481806625, 0.10611033419167193, 0.15814141640260146, 1.6653345369377348e-16, 0.9571903023911826, 0.28945936676548734, 0.05740838157820506, 0.0, 0.0, 0.0, 1.0], "fov": 51.46000000000001, "aspect": 1.7777777777777777}, {"camera_to_world": [-0.10434164403657264, -0.2878793566098107, 0.9519654916842661, 1.4008659591173467, 0.9945415131203651, -0.030202666210096263, 0.09987480980736002, 0.14788627159648052, 5.551115123125783e-17, 0.9571903023911823, 0.28945936676548756, 0.057408381494926976, 0.0, 0.0, 0.0, 1.0], "fov": 51.46000000000001, "aspect": 1.7777777777777777}, {"camera_to_world": [-0.09783379200550957, -0.2880707629859243, 0.9525984383015387, 1.4015208291054946, 0.9952027678527744, -0.028318907482181355, 0.09364555695382953, 0.13762838598464394, 1.1102230246251565e-16, 0.9571903023911825, 0.2894593667654873, 0.05740838141167017, 0.0, 0.0, 0.0, 1.0], "fov": 51.46000000000001, "aspect": 1.7777777777777777}, {"camera_to_world": [-0.09133215676243844, -0.28824956682514025, 0.95318971058559, 1.4021079526580436, 0.9958204843952155, -0.026436948261782, 0.08742225474947712, 0.1273692882255985, 1.1102230246251565e-16, 0.9571903023911823, 0.28945936676548745, 0.05740838132846739, 0.0, 0.0, 0.0, 1.0], "fov": 51.46000000000001, "aspect": 1.7777777777777777}, {"camera_to_world": [-0.08483639892303407, -0.2884158351568969, 0.9537395301907758, 1.4026280625636676, 0.9963948943153875, -0.024556690310926, 0.0812045783389177, 0.11711050697785197, 5.551115123125783e-17, 0.9571903023911825, 0.2894593667654873, 0.057408381245351324, 0.0, 0.0, 0.0, 1.0], "fov": 51.46000000000001, "aspect": 1.7777777777777777}, {"camera_to_world": [-0.07834617522417298, -0.28856963071324093, 0.9542481045607412, 1.40308189161104, 0.9969262143347136, -0.02267803426888726, 0.0749921991540185, 0.10685357089991143, 1.1102230246251565e-16, 0.9571903023911823, 0.28945936676548745, 0.057408381162354714, 0.0, 0.0, 0.0, 1.0], "fov": 51.46000000000001, "aspect": 1.7777777777777777}, {"camera_to_world": [-0.0718611387944107, -0.2887110119318542, 0.9547156269384383, 1.4034701725888343, 0.9974146463388086, -0.02080087973047695, 0.06878478517279668, 0.09660000865028398, 0.0, 0.9571903023911823, 0.28945936676548745, 0.057408381079510275, 0.0, 0.0, 0.0, 1.0], "fov": 51.46000000000001, "aspect": 1.7777777777777777}, {"camera_to_world": [-0.06538093942238188, -0.2888400329590033, 0.9551422763758756, 1.4037936382857246, 0.9978603773876622, -0.01892512532373547, 0.06258200117632895, 0.08635134888747738, 0.0, 0.9571903023911825, 0.2894593667654875, 0.057408380996850715, 0.0, 0.0, 0.0, 1.0], "fov": 51.46000000000001, "aspect": 1.7777777777777777}, {"camera_to_world": [-0.05890522382325014, -0.28895674365238677, 0.9555282177435377, 1.4040530214903844, 0.9982635797254815, -0.0170506687870573, 0.05638350900379718, 0.07610912026999897, 0.0, 0.9571903023911823, 0.2894593667654876, 0.057408380914408766, 0.0, 0.0, 0.0, 1.0], "fov": 51.46000000000001, "aspect": 1.7777777777777777}, {"camera_to_world": [-0.052433635903378684, -0.2890611895838716, 0.9558736017394294, 1.404249054991487, 0.9986244107901391, -0.015177407045804392, 0.05018896780582388, 0.06587485145635545, 1.6653345369377348e-16, 0.9571903023911825, 0.28945936676548734, 0.057408380832217124, 0.0, 0.0, 0.0, 1.0], "fov": 51.46000000000001, "aspect": 1.7777777777777777}, {"camera_to_world": [-0.04596581702333702, -0.28915341204209555, 0.9561785648976824, 1.4043824715777062, 0.9989430132221644, -0.013305236288433386, 0.043998034296225674, 0.0556500711050548, -1.1102230246251565e-16, 0.9571903023911825, 0.2894593667654872, 0.05740838075030853, 0.0, 0.0, 0.0, 1.0], "fov": 51.46000000000001, "aspect": 1.7777777777777777}, {"camera_to_world": [-0.03950140625941301, -0.28923344803492806, 0.9564432295966945, 1.4044540040377158, 0.9992195148732477, -0.01143405204219583, 0.0378103630023246, 0.045436307874603885, -5.551115123125783e-17, 0.9571903023911821, 0.28945936676548767, 0.057408380668715696, 0.0, 0.0, 0.0, 1.0], "fov": 51.46000000000001, "aspect": 1.7777777777777777}, {"camera_to_world": [-0.03304004066376409, -0.28930133029177374, 0.9566677040667502, 1.4044643851601895, 0.9994540288142006, -0.009563749248438946, 0.031625606513965177, 0.03523509042350996, -3.3306690738754696e-16, 0.9571903023911824, 0.28945936676548734, 0.05740838058747133, 0.0, 0.0, 0.0, 1.0], "fov": 51.46000000000001, "aspect": 1.7777777777777777}, {"camera_to_world": [-0.02658135552335028, -0.28935708726571285, 0.9568520823970881, 1.4044143477338005, 0.9996466533423404, -0.007694222337557122, 0.02544341573136316, 0.025047947410280713, -1.6653345369377348e-16, 0.9571903023911823, 0.28945936676548767, 0.05740838050660817, 0.0, 0.0, 0.0, 1.0], "fov": 51.46000000000001, "aspect": 1.7777777777777777}, {"camera_to_world": [-0.020124984617807984, -0.2894007431354595, 0.9569964445423907, 1.4043046245472226, 0.999797471988269, -0.0058253653036361985, 0.019263440111937313, 0.014876407493423028, 2.220446049250313e-16, 0.9571903023911825, 0.2894593667654873, 0.05740838042615892, 0.0, 0.0, 0.0, 1.0], "fov": 51.46000000000001, "aspect": 1.7777777777777777}, {"camera_to_world": [-0.013670560476393923, -0.2894323178071415, 0.9571008563286565, 1.4041359483891296, 0.9999065535220087, -0.0039570717788265375, 0.013085327916256106, 0.004721999331444682, 5.551115123125783e-17, 0.9571903023911825, 0.2894593667654872, 0.05740838034615629, 0.0, 0.0, 0.0, 1.0], "fov": 51.46000000000001, "aspect": 1.7777777777777777}, {"camera_to_world": [-0.007217714634156325, -0.2894518269158835, 0.9571653694584431, 1.4039090520481952, 0.99997395195848, -0.002089235107497034, 0.006908726453241143, -0.005413748417147435, -1.1102230246251565e-16, 0.9571903023911825, 0.28945936676548717, 0.05740838026663303, 0.0, 0.0, 0.0, 1.0], "fov": 51.46000000000001, "aspect": 1.7777777777777777}, {"camera_to_world": [-0.0007660778874781782, -0.2894592818271944, 0.9571900215154541, 1.4036246683130928, 0.9999997065622923, -0.00022174842020283858, 0.000733282324770157, -0.0155293070938459, 1.6653345369377348e-16, 0.9571903023911825, 0.2894593667654873, 0.05740838018762182, 0.0, 0.0, 0.0, 1.0], "fov": 51.46000000000001, "aspect": 1.7777777777777777}, {"camera_to_world": [0.005684719450872677, -0.28945468963815296, 0.9571748359684588, 1.4032835299724962, 0.9999838418518399, 0.0016454952924886967, -0.005441358330190271, -0.025623148040143297, 1.1102230246251565e-16, 0.9571903023911825, 0.2894593667654873, 0.05740838010915541, 0.0, 0.0, 0.0, 1.0], "fov": 51.46000000000001, "aspect": 1.7777777777777777}, {"camera_to_world": [0.012135047297024859, -0.2894380531783871, 0.9571198221745303, 1.4028863698150786, 0.9999263676026846, 0.003512603106265999, -0.01161554959177058, -0.03569374259753255, -5.551115123125783e-17, 0.9571903023911824, 0.28945936676548734, 0.057408380031266505, 0.0, 0.0, 0.0, 1.0], "fov": 51.46000000000001, "aspect": 1.7777777777777777}, {"camera_to_world": [0.01858527554147793, -0.2894093710108468, 0.9570249753816006, 1.4024339206295142, 0.9998272788502258, 0.005379682089398541, -0.017789645515570607, -0.04573956210750572, -1.1102230246251565e-16, 0.9571903023911822, 0.2894593667654875, 0.05740837995398781, 0.0, 0.0, 0.0, 1.0], "fov": 51.46000000000001, "aspect": 1.7777777777777777}, {"camera_to_world": [0.025035773794631178, -0.2893686374323674, 0.9568902767303258, 1.4019269152044767, 0.9996865558916477, 0.007246839229077873, -0.02396399988908049, -0.05575907791155634, -5.551115123125783e-17, 0.9571903023911825, 0.2894593667654873, 0.05740837987735207, 0.0, 0.0, 0.0, 1.0], "fov": 51.46000000000001, "aspect": 1.7777777777777777}, {"camera_to_world": [0.03148691113220714, -0.289315842474026, 0.9567156932552623, 1.401366086328639, 0.9995041642871493, 0.00911418135772979, -0.030138965988001643, -0.06575076135117675, -5.551115123125783e-17, 0.9571903023911823, 0.2894593667654874, 0.05740837980139198, 0.0, 0.0, 0.0, 1.0], "fov": 51.46000000000001, "aspect": 1.7777777777777777}, {"camera_to_world": [0.037939055840435776, -0.2892509719012921, 0.9565011778853669, 1.4007521667906753, 0.9992800548604663, 0.010981815079252999, -0.03631489633234275, -0.07571308376785976, -1.6653345369377348e-16, 0.9571903023911824, 0.28945936676548734, 0.05740837972614028, 0.0, 0.0, 0.0, 1.0], "fov": 51.46000000000001, "aspect": 1.7777777777777777}, {"camera_to_world": [0.044392575160844494, -0.28917400721397524, 0.9562466694438211, 1.4000858893792592, 0.9990141636986878, 0.012849846695147327, -0.042492142442132064, -0.08564451650309772, 1.1102230246251565e-16, 0.9571903023911822, 0.2894593667654876, 0.05740837965162967, 0.0, 0.0, 0.0, 1.0], "fov": 51.46000000000001, "aspect": 1.7777777777777777}, {"camera_to_world": [0.05084783503451351, -0.28908492564597343, 0.9559520926472025, 1.399367986883064, 0.9987064121513908, 0.01471838213048604, -0.048671054592623275, -0.095543530898384, 5.551115123125783e-17, 0.9571903023911827, 0.2894593667654872, 0.057408379577892875, 0.0, 0.0, 0.0, 1.0], "fov": 51.46000000000001, "aspect": 1.7777777777777777}, {"camera_to_world": [0.05730519984565874, -0.2889837001648292, 0.955617358104013, 1.3985991920907637, 0.9983567068291019, 0.016587526859694002, -0.05485198156885335, -0.10540859829521035, 5.551115123125783e-17, 0.9571903023911825, 0.28945936676548734, 0.057408379504962616, 0.0, 0.0, 0.0, 1.0], "fov": 51.46000000000001, "aspect": 1.7777777777777777}, {"camera_to_world": [0.06376503216437401, -0.2888702994710994, 0.9552423623125987, 1.3977802377910318, 0.9979649396011248, 0.018457385832080453, -0.06103527041940082, -0.11523819003507034, -5.551115123125783e-17, 0.9571903023911825, 0.2894593667654871, 0.0574083794328716, 0.0, 0.0, 0.0, 1.0], "fov": 51.46000000000001, "aspect": 1.7777777777777777}, {"camera_to_world": [0.07022769248841376, -0.28874468799754693, 0.9548269876584723, 1.3969118567725418, 0.9975309875927431, 0.020328063397097473, -0.06722126620921987, -0.12503077745945596, 5.551115123125783e-17, 0.9571903023911824, 0.2894593667654876, 0.057408379361652564, 0.0, 0.0, 0.0, 1.0], "fov": 51.46000000000001, "aspect": 1.7777777777777777}, {"camera_to_world": [0.07669353898385389, -0.28860682590816195, 0.9543711024110844, 1.3959947818239677, 0.9970547131818457, 0.02219966322927025, -0.07341031177140517, -0.13478483190986035, 1.1102230246251565e-16, 0.9571903023911825, 0.2894593667654874, 0.057408379291338206, 0.0, 0.0, 0.0, 1.0], "fov": 51.46000000000001, "aspect": 1.7777777777777777}, {"camera_to_world": [0.08316292722449259, -0.28845666909702866, 0.9538745607200672, 1.3950297457339826, 0.9965359639950049, 0.02407228825276586, -0.07960274745774787, -0.14449882472777623, 5.551115123125783e-17, 0.9571903023911823, 0.2894593667654874, 0.05740837922196127, 0.0, 0.0, 0.0, 1.0], "fov": 51.46000000000001, "aspect": 1.7777777777777777}, {"camera_to_world": [0.08963620992984134, -0.28829416918704387, 0.9533372026109994, 1.3940174812912605, 0.9959745729030504, 0.025946040565549944, -0.08579891088794439, -0.15417122725469606, 2.220446049250313e-16, 0.9571903023911823, 0.2894593667654875, 0.057408379153554456, 0.0, 0.0, 0.0, 1.0], "fov": 51.46000000000001, "aspect": 1.7777777777777777}, {"camera_to_world": [0.0961137367015722, -0.2881192735285003, 0.9527588539807279, 1.3929587212844747, 0.9953703580161812, 0.02782102136310194, -0.09199913669732429, -0.16380051083211286, 0.0, 0.9571903023911823, 0.28945936676548745, 0.05740837908615047, 0.0, 0.0, 0.0, 1.0], "fov": 51.46000000000001, "aspect": 1.7777777777777777}, {"camera_to_world": [0.10259585375826208, -0.2879319251975574, 0.9521393265923014, 1.3918541985022994, 0.9947231226786744, 0.029697330861631177, -0.09820375628295225, -0.17338514680151915, 0.0, 0.9571903023911821, 0.2894593667654876, 0.05740837901978206, 0.0, 0.0, 0.0, 1.0], "fov": 51.46000000000001, "aspect": 1.7777777777777777}, {"camera_to_world": [0.10908290366830165, -0.28773206299460413, 0.9514784180695648, 1.390704645733408, 0.9940326554632359, 0.03157506822076739, -0.1044130975479699, -0.1829236065044074, -1.6653345369377348e-16, 0.9571903023911824, 0.2894593667654874, 0.057408378954481934, 0.0, 0.0, 0.0, 1.0], "fov": 51.46000000000001, "aspect": 1.7777777777777777}, {"camera_to_world": [0.11557522508082452, -0.2875196214425408, 0.9507759118914691, 1.389510795766474, 0.9