{"default_fov": 70.0, "default_transition_sec": 5.0, "keyframes": [{"matrix": [0.9971761497724055, 0.034262504609495946, -0.06682669453867468, -0.13969737169524504, -0.07509811132832211, 0.4549482247121618, -0.8873456972939978, -0.7465892719092455, -2.7755575615628914e-17, 0.8898585244909084, 0.45623656844981575, 0.24468250486779536, 0.0, 0.0, 0.0, 1.0], "fov": 70.0, "aspect": 1.7777777777777777, "override_transition_enabled": false, "override_transition_sec": null}, {"matrix": [0.7622859862642288, 0.30234896888667245, -0.5722806795256485, -0.7287520966914283, -0.647240353458568, 0.35609087213457075, -0.6740023854833667, -0.6472050026368882, -3.3306690738754696e-16, 0.8841857224563213, 0.467135535154834, 0.18820909625463247, 0.0, 0.0, 0.0, 1.0], "fov": 70.0, "aspect": 1.7777777777777777, "override_transition_enabled": false, "override_transition_sec": null}, {"matrix": [-0.7265848041870504, 0.2358454610289351, -0.6453304896225768, -0.5977702429577556, -0.6870767950705843, -0.24940695035772387, 0.6824380197415691, 0.3897306071085925, 2.220446049250313e-16, 0.9392406995149374, 0.3432592436842614, -0.01781027208984497, 0.0, 0.0, 0.0, 1.0], "fov": 70.0, "aspect": 1.7777777777777777, "override_transition_enabled": false, "override_transition_sec": null}, {"matrix": [-0.9391754827250718, -0.11720960831208332, 0.32281778198769795, 0.3577486759633278, 0.3434376401155366, -0.32052511899827074, 0.8827877635326715, 0.8556988646146906, 1.942890293094024e-16, 0.9399604011927698, 0.34128352463827993, 0.06768266240871025, 0.0, 0.0, 0.0, 1.0], "fov": 70.0, "aspect": 1.7777777777777777, "override_transition_enabled": false, "override_transition_sec": null}, {"matrix": [-0.5609099757632637, -0.24299070255425886, 0.7914136197725201, 0.8024075075927557, 0.8257534305259608, -0.23263416447251872, 0.5138215813828578, 0.5778933366812595, 0.05925597914019082, 0.9417201622522272, 0.33113722977607984, 0.18100067606873468, 0.0, 0.0, 0.0, 1.0], "fov": 70.0, "aspect": 1.7777777777777777, "override_transition_enabled": false, "override_transition_sec": null}, {"matrix": [0.6948550005832785, -0.11789972304314844, 0.7094196102947543, 0.6728642986817803, 0.7191498648852075, 0.11391674548529884, -0.6854534608079719, -0.496672958844438, -5.551115123125783e-17, 0.9864697817999226, 0.16394319014711606, 0.06761227044323029, 0.0, 0.0, 0.0, 1.0], "fov": 70.0, "aspect": 1.7777777777777777, "override_transition_enabled": false, "override_transition_sec": null}], "camera_type": "perspective", "render_height": 1080.0, "render_width": 1920.0, "fps": 30.0, "seconds": 30.0, "is_cycle": true, "smoothness_value": 0.0, "camera_path": [{"camera_to_world": [0.9971761497724055, 0.034262504609495946, -0.06682669453867468, -0.13969737169524504, -0.07509811132832211, 0.4549482247121618, -0.8873456972939978, -0.7465892719092455, -2.7755575615628914e-17, 0.8898585244909084, 0.45623656844981575, 0.24468250486779536, 0.0, 0.0, 0.0, 1.0], "fov": 70.0, "aspect": 1.7777777777777777}, {"camera_to_world": [0.9967910061785803, 0.036207431155691264, -0.07139125948321311, -0.14437541995738712, -0.08004687955114993, 0.4556820940600965, -0.88653613926739, -0.7470962682441998, 0.00043252238934192444, 0.8894058978228734, 0.4571181049163022, 0.24507745025734917, 0.0, 0.0, 0.0, 1.0], "fov": 70.0, "aspect": 1.7777777777777777}, {"camera_to_world": [0.9963868525041369, 0.0381401412475002, -0.07588524087409812, -0.1490651612015426, -0.08492652547511374, 0.456388423463429, -0.8857184045729717, -0.7476133616974047, 0.0008517203907485102, 0.8889628431797284, 0.4579785344513315, 0.24545835736367289, 0.0, 0.0, 0.0, 1.0], "fov": 70.0, "aspect": 1.7777777777777777}, {"camera_to_world": [0.9959645955370955, 0.040060691353220115, -0.08030980914515853, -0.15376615406803734, -0.089738191048107, 0.4570676679821268, -0.8848933291379215, -0.7481400293792972, 0.0012575786429496055, 0.8885292836444292, 0.45881818904907684, 0.24582530085137377, 0.0, 0.0, 0.0, 1.0], "fov": 70.0, "aspect": 1.7777777777777777}, {"camera_to_world": [0.9955251053981597, 0.041969148512300554, -0.08466613901162257, -0.15847795719719732, -0.09448302345752485, 0.45772027306440777, -0.8840617115926743, -0.7486757484003147, 0.0016500909998374072, 0.8881051414100678, 0.45963739512869906, 0.24617835538505933, 0.0, 0.0, 0.0, 1.0], "fov": 70.0, "aspect": 1.7777777777777777}, {"camera_to_world": [0.9950692163006662, 0.043865589979113676, -0.08895540897866903, -0.16320012922934843, -0.09916217461069592, 0.4583466746153062, -0.8832243140876321, -0.7492199958708943, 0.0020292602730655057, 0.8876903378345822, 0.46043647359637924, 0.24651759562933692, 0.0, 0.0, 0.0, 1.0], "fov": 70.0, "aspect": 1.7777777777777777}, {"camera_to_world": [0.994597727301966, 0.045750102875395535, -0.09317880087581457, -0.16793222880481656, -0.10377680064170659, 0.45894729906951265, -0.8823818630986083, -0.7497722489014732, 0.0023950979803465527, 0.887284793492873, 0.4612157399113505, 0.2468430962488139, 0.0, 0.0, 0.0, 1.0], "fov": 70.0, "aspect": 1.7777777777777777}, {"camera_to_world": [0.9941114030457943, 0.04762278385119695, -0.09733749941612713, -0.17267381456392766, -0.10832806144361196, 0.4595225634681354, -0.8815350502206606, -0.7503319846024887, 0.0027476240993643194, 0.8868884282264234, 0.4619755041556564, 0.24715493190809767, 0.0, 0.0, 0.0, 1.0], "fov": 70.0, "aspect": 1.7777777777777777}, {"camera_to_world": [0.9936109744952085, 0.04948373875417855, -0.1014326917792786, -0.1774244451470076, -0.11281712022504825, 0.46007287553901294, -0.8806845329500179, -0.7508986800843779, 0.0030868668272106756, 0.886501161190538, 0.4627160711073465, 0.2474531772717956, 0.0, 0.0, 0.0, 1.0], "fov": 70.0, "aspect": 1.7777777777777777}, {"camera_to_world": [0.9930971396557094, 0.0513330823070833, -0.10546556721746961, -0.1821836791943823, -0.117245143090282, 0.4605986337802618, -0.8798309354537924, -0.7514718124575782, 0.0034128623452592335, 0.8861229108992784, 0.4634377403168648, 0.24773790700451506, 0.0, 0.0, 0.0, 1.0], "fov": 70.0, "aspect": 1.7777777777777777}, {"camera_to_world": [0.9925705642881778, 0.0531709377932185, -0.10943731668328752, -0.18695107534637773, -0.1216132986417566, 0.4611002275467136, -0.8789748493272376, -0.7520508588325266, 0.0037256545893834953, 0.8857535952682094, 0.4641408061863576, 0.2480091957708635, 0.0, 0.0, 0.0, 1.0], "fov": 70.0, "aspect": 1.7777777777777777}, {"camera_to_world": [0.9920318826112943, 0.054997436749777154, -0.11334913247857492, -0.1917261922433197, -0.12592275760421356, 0.46157803713894574, -0.878116834338295, -0.7526352963196604, 0.004025295025428026, 0.8853931316550363, 0.4648255580516695, 0.2482671182354482, 0.0, 0.0, 0.0, 1.0], "fov": 70.0, "aspect": 1.7777777777777777}, {"camera_to_world": [0.9914816979931265, 0.056812718668829094, -0.1172022079234146, -0.19650858852553418, -0.130174692469493, 0.46203243389458837, -0.8772574191592315, -0.7532246020294169, 0.004311842429838335, 0.8850414368982387, 0.4654922802667741, 0.24851174906287662, 0.0, 0.0, 0.0, 1.0], "fov": 70.0, "aspect": 1.7777777777777777}, {"camera_to_world": [0.9909205836315922, 0.0586169307058105, -0.12099773704435506, -0.20129782283334707, -0.13437027716113456, 0.4624637802816362, -0.8763971020851554, -0.753818253072233, 0.004585362675357127, 0.8846984273537785, 0.46614125229042613, 0.24874316291775617, 0.0, 0.0, 0.0, 1.0], "fov": 70.0, "aspect": 1.7777777777777777}, {"camera_to_world": [0.9903490832235328, 0.06041022739534063, -0.12473691428102386, -0.20609345380708435, -0.13851068671792413, 0.4628724299934763, -0.875536351739243, -0.7544157265585464, 0.00484592852169087, 0.8843640189299752, 0.4667727487748027, 0.24896143446469415, 0.0, 0.0, 0.0, 1.0], "fov": 70.0, "aspect": 1.7777777777777777}, {"camera_to_world": [0.9897677116221444, 0.062192770374194566, -0.1284209342103003, -0.2108950400870718, -0.14259709699555215, 0.4632587280453653, -0.8746756077645195, -0.755016499598794, 0.005093619411053428, 0.8840381271206423, 0.46738703965591766, 0.249166638368298, 0.0, 0.0, 0.0, 1.0], "fov": 70.0, "aspect": 1.7777777777777777}, {"camera_to_world": [0.9891769554825419, 0.06396472811126128, -0.13205099128723571, -0.21570214031363544, -0.14663068438556923, 0.46362301087211305, -0.873815281502044, -0.7556200493034131, 0.005328521268491926, 0.8837206670365524, 0.46798439024561733, 0.24935884929317503, 0.0, 0.0, 0.0, 1.0], "fov": 70.0, "aspect": 1.7777777777777777}, {"camera_to_world": [0.9885772738952409, 0.06572627564431593, -0.13562827960193752, -0.22051431312710115, -0.1506126255508476, 0.4639656064267105, -0.8729557566553846, -0.7562258527828407, 0.005550726306900219, 0.8834115534353296, 0.4685650613249388, 0.24953814190393273, 0.0, 0.0, 0.0, 1.0], "fov": 70.0, "aspect": 1.7777777777777777}, {"camera_to_world": [0.9879690990073662, 0.06747759432343664, -0.13915399265164774, -0.22533111716779483, -0.15454409717677475, 0.4642868342796811, -0.8720973899412655, -0.7568333871475144, 0.0057603328366269, 0.8831107007498401, 0.46912930923865503, 0.24970459086517843, 0.0, 0.0, 0.0, 1.0], "fov": 70.0, "aspect": 1.7777777777777777}, {"camera_to_world": [0.9873528366314102, 0.06921887156089726, -0.14262932312727236, -0.23015211107604241, -0.1584262757374281, 0.46458700571892464, -0.8712405117262924, -0.757442129507871, 0.005957445079583762, 0.8828180231151602, 0.46967738599081377, 0.2498582708415195, 0.0, 0.0, 0.0, 1.0], "fov": 70.0, "aspect": 1.7777777777777777}, {"camera_to_world": [0.9867288668413771, 0.07095030058736695, -0.14605546271363612, -0.23497685349216982, -0.1622603372759975, 0.4648664238498395, -0.8703854266496772, -0.7580515569743481, 0.006142172987763331, 0.882533434394201, 0.470209539341095, 0.24999925649756335, 0.0, 0.0, 0.0, 1.0], "fov": 70.0, "aspect": 1.7777777777777777}, {"camera_to_world": [0.9860975445561672, 0.07267208021425021, -0.14943360190275662, -0.2398049030565029, -0.16604745719874214, 0.46512538369551504, -0.8695324142318858, -0.7586611466573826, 0.006314632066072287, 0.8822568482020604, 0.47072601290181176, 0.2501276224979173, 0.0, 0.0, 0.0, 1.0], "fov": 70.0, "aspect": 1.7777777777777777}, {"camera_to_world": [0.9854592001100676, 0.07438441460200236, -0.15276492981945572, -0.2446358184093676, -0.16978881008179086, 0.4653641722968036, -0.868681729469154, -0.759270375667412, 0.006474943199392305, 0.8819881779291763, 0.4712270462353963, 0.25024344350718886, 0.0, 0.0, 0.0, 1.0], "fov": 70.0, "aspect": 1.7777777777777777}, {"camera_to_world": [0.9848141398102279, 0.0760875130342546, -0.15605063405863812, -0.24946915819108986, -0.17348556949010685, 0.4655830688120721, -0.8678336034138264, -0.7598787211148732, 0.006623232483776734, 0.881727336763353, 0.4717128749522006, 0.25034679418998534, 0.0, 0.0, 0.0, 1.0], "fov": 70.0, "aspect": 1.7777777777777777}, {"camera_to_world": [0.984162646481013, 0.0777815896975882, -0.15929190053359474, -0.25430448104199554, -0.17713890780796393, 0.4657823446164677, -0.8669882437404716, -0.7604856601102037, 0.0067596310616969135, 0.8814742377107238, 0.47218373080847204, 0.2504377492109141, 0.0, 0.0, 0.0, 1.0], "fov": 70.0, "aspect": 1.7777777777777777}, {"camera_to_world": [0.9835049799951353, 0.0794668634667946, -0.16248991333469967, -0.2591413456024106, -0.18074999608029396, 0.4659622634005112, -0.8661458352977554, -0.7610906697638404, 0.006884274961250075, 0.881228793615723, 0.47263984180434415, 0.25051638323458253, 0.0, 0.0, 0.0, 1.0], "fov": 70.0, "aspect": 1.7777777777777777}, {"camera_to_world": [0.9828413777914813, 0.08114355769546307, -0.1656458545978916, -0.26397931051266094, -0.184320003864285, 0.4661230812678658, -0.865306540646042, -0.7616932271862209, 0.006997304939244428, 0.8809909171801223, 0.4730814322817094, 0.250582770925598, 0.0, 0.0, 0.0, 1.0], "fov": 70.0, "aspect": 1.7777777777777777}, {"camera_to_world": [0.9821720553795539, 0.08281190001173896, -0.16876090438234875, -0.26881793441307245, -0.18785009909062758, 0.4662650468321148, -0.8644705005807237, -0.762292809487782, 0.007098866328077033, 0.8807605209812094, 0.47350872302183045, 0.25063698694856795, 0.0, 0.0, 0.0, 1.0], "fov": 70.0, "aspect": 1.7777777777777777}, {"camera_to_world": [0.981497206830467, 0.08447212211909624, -0.17183624055678104, -0.2736567759439711, -0.19134144793382332, 0.4663884013124072, -0.8636378346412605, -0.7628888937789612, 0.007189108886322973, 0.8805375174891492, 0.4739219313425652, 0.2506791059680998, 0.0, 0.0, 0.0, 1.0], "fov": 70.0, "aspect": 1.7777777777777777}, {"camera_to_world": [0.9808170052544317, 0.08612445960196954, -0.17487303869378157, -0.2784953937456828, -0.19479521469098235, 0.4664933786278244, -0.8628086416059422, -0.7634809571701957, 0.007268186652955241, 0.8803218190836042, 0.47432127119507494, 0.2507092026488008, 0.0, 0.0, 0.0, 1.0], "fov": 70.0, "aspect": 1.7777777777777777}, {"camera_to_world": [0.9801316032646858, 0.08776915173609656, -0.1778724719716981, -0.28333334645853325, -0.1982125616685616, 0.46658020549033163, -0.8619829999723813, -0.7640684767719226, 0.0073362578051164445, 0.8801133380696634, 0.4747069532598937, 0.25072735165527843, 0.0, 0.0, 0.0, 1.0], "fov": 70.0, "aspect": 1.7777777777777777}, {"camera_to_world": [0.9794411334278262, 0.08940644130341763, -0.18083571108349597, -0.28817019272284866, -0.2015946490764995, 0.4666491014961904, -0.8611609684237443, -0.764650929694579, 0.007393484519366278, 0.8799119866931332, 0.47507918504224655, 0.25073362765214, 0.0, 0.0, 0.0, 1.0], "fov": 70.0, "aspect": 1.7777777777777777}, {"camera_to_world": [0.9787457087005074, 0.09103657441138849, -0.18376392415210685, -0.2930054911789548, -0.20494263492923062, 0.4667002792157092, -0.8603425862807461, -0.7652277930486024, 0.007440032836329102, 0.8797176771552444, 0.4754381709665049, 0.25072810530399303, 0.0, 0.0, 0.0, 1.0], "fov": 70.0, "aspect": 1.7777777777777777}, {"camera_to_world": [0.9780454228524816, 0.09265980031655557, -0.186658276651764, -0.2978388004671776, -0.20825767495306508, 0.46673394428120496, -0.8595278739394393, -0.7657985439444299, 0.007476072528668179, 0.8795303216268359, 0.47578411246965885, 0.25071085927544473, 0.0, 0.0, 0.0, 1.0], "fov": 70.0, "aspect": 1.7777777777777777}, {"camera_to_world": [0.977340350875958, 0.09427637125225542, -0.18951993133484935, -0.302669679227843, -0.21154092249944623, 0.46675029547308694, -0.8587168332948117, -0.7663626594924987, 0.007501776972317284, 0.8793498322620487, 0.47611720809372626, 0.25068196423110256, 0.0, 0.0, 0.0, 1.0], "fov": 70.0, "aspect": 1.7777777777777777}, {"camera_to_world": [0.9766305493812669, 0.0958865422602925, -0.19235004816378382, -0.3074976861012768, -0.2147935284636022, 0.46674952480393694, -0.8579094481502432, -0.766919616803246, 0.00751732302089797, 0.8791761212115945, 0.4764376535769767, 0.250641494835574, 0.0, 0.0, 0.0, 1.0], "fov": 70.0, "aspect": 1.7777777777777777}, {"camera_to_world": [0.9759160569788191, 0.09749057102645711, -0.1951497842475094, -0.312322379727805, -0.218016641208126, 0.46673181760050364, -0.8571056846128472, -0.767468892987109, 0.0075228908832572355, 0.8790091006356336, 0.4767456419438914, 0.25058952575346627, 0.0, 0.0, 0.0, 1.0], "fov": 70.0, "aspect": 1.7777777777777777}, {"camera_to_world": [0.9751968946473598, 0.09908871771974573, -0.19792029378212514, -0.3171433187477536, -0.2212114064910312, 0.4666973525835082, -0.8563054914747449, -0.768009965154525, 0.007518664004058845, 0.8788486827163146, 0.4770413635937589, 0.25052613164938686, 0.0, 0.0, 0.0, 1.0], "fov": 70.0, "aspect": 1.7777777777777777}, {"camera_to_world": [0.9744730660885134, 0.10068124483514779, -0.20066272799525295, -0.3219600618014483, -0.22437896739784374, 0.46664630194517803, -0.8555088005803136, -0.768542310415931, 0.00750482894736576, 0.8786947796700141, 0.47732500638782377, 0.25045138718794313, 0.0, 0.0, 0.0, 1.0], "fov": 70.0, "aspect": 1.7777777777777777}, {"camera_to_world": [0.97374455806763, 0.10226841703986549, -0.20337823509371872, -0.3267721675292152, -0.22752046427730033, 0.4665788314244256, -0.854715527179458, -0.7690654058817644, 0.007481575283152006, 0.8785473037593237, 0.47759675573490334, 0.2503653670337424, 0.0, 0.0, 0.0, 1.0], "fov": 70.0, "aspect": 1.7777777777777777}, {"camera_to_world": [0.9730113407409425, 0.10385050102283429, -0.20606796021414814, -0.3315791945713802, -0.23063703468023666, 0.4664951003795933, -0.8539255702669528, -0.7695787286624625, 0.007449095476684556, 0.8784061673048178, 0.477856794675392, 0.2502681458513922, 0.0, 0.0, 0.0, 1.0], "fov": 70.0, "aspect": 1.7777777777777777}, {"camera_to_world": [0.9722733679690478, 0.10542776534741323, -0.20873304537608656, -0.33638070156826905, -0.23372981330125842, 0.4663952618586963, -0.8531388129079097, -0.7700817558684622, 0.007407584780717305, 0.8782712826966445, 0.47810530396358036, 0.2501597983054997, 0.0, 0.0, 0.0, 1.0], "fov": 70.0, "aspect": 1.7777777777777777}, {"camera_to_world": [0.9715305776167331, 0.10700048030711935, -0.2113746294372688, -0.3411762471602078, -0.23679993192280585, 0.4662794626670842, -0.8523551225494277, -0.770573964610201, 0.007357241130441436, 0.8781425624059804, 0.47834246214820564, 0.2500403990606725, 0.0, 0.0, 0.0, 1.0], "fov": 70.0, "aspect": 1.7777777777777777}, {"camera_to_world": [0.9707828918391684, 0.10856891778427842, -0.2139938480506673, -0.3459653899875223, -0.2398485193612226, 0.46614784343247606, -0.8515743513184748, -0.7710548319981159, 0.007298265041139826, 0.878019918996376, 0.47856844565118045, 0.24991002278151792, 0.0, 0.0, 0.0, 1.0], "fov": 70.0, "aspect": 1.7777777777777777}, {"camera_to_world": [0.970030217354492, 0.11013335111146443, -0.2165918336229593, -0.3507476886905386, -0.24287670141445278, 0.4660005386672897, -0.8507963363060697, -0.7715238351426443, 0.0072308595084911165, 0.8779032651350346, 0.47878342884441366, 0.24976874413264322, 0.0, 0.0, 0.0, 1.0], "fov": 70.0, "aspect": 1.7777777777777777}, {"camera_to_world": [0.9692724457028182, 0.1116940549356111, -0.21916971527407259, -0.3555227019095824, -0.24588560081100982, 0.46583767682822663, -0.8500208998378154, -0.7719804511542232, 0.007155229911475339, 0.8777925136040527, 0.47898758412467496, 0.2496166377786559, 0.0, 0.0, 0.0, 1.0], "fov": 70.0, "aspect": 1.7777777777777777}, {"camera_to_world": [0.9685094534916989, 0.11325130508466762, -0.22172861879746208, -0.3602899882849797, -0.24887633715985086, 0.46565938037305343, -0.8492478497308547, -0.7724241571432902, 0.007071583917832205, 0.8776875773116557, 0.479181081986434, 0.24945377838416335, 0.0, 0.0, 0.0, 1.0], "fov": 70.0, "aspect": 1.7777777777777777}, {"camera_to_world": [0.9677411026280776, 0.11480537843668331, -0.2242696666207947, -0.36504910645705646, -0.2518500269008176, 0.46546576581453586, -0.848476979537303, -0.772854430220282, 0.0069801313920247465, 0.8775883693034552, 0.47936409109261874, 0.2492802406137729, 0.0, 0.0, 0.0, 1.0], "fov": 70.0, "aspect": 1.7777777777777777}, {"camera_to_world": [0.9669672405367713, 0.11635655279120047, -0.2267939777667175, -0.36979961506613857, -0.2548077832553003, 0.4652569437714813, -0.8477080687742334, -0.7732707474956362, 0.006881084305664573, 0.8774948027737653, 0.4795367783432352, 0.24909609913209194, 0.0, 0.0, 0.0, 1.0], "fov": 70.0, "aspect": 1.7777777777777777}, {"camera_to_world": [0.9661877003655247, 0.1179051067428366, -0.22930266781339284, -0.3745410727525519, -0.257750716176791, 0.4650330190168534, -0.8469408831402709, -0.7736725860797898, 0.00677465665035476, 0.8774067910769958, 0.4796993089417981, 0.24890142860372788, 0.0, 0.0, 0.0, 1.0], "fov": 70.0, "aspect": 1.7777777777777777}, {"camera_to_world": [0.9654023011766786, 0.11945131955694752, -0.23179684885450347, -0.3792730381566224, -0.2606799323010115, 0.4647940905229244, -0.8461751747188685, -0.7740594230831801, 0.006661064352909238, 0.8773242477391535, 0.4798518464595243, 0.2486963036932881, 0.0, 0.0, 0.0, 1.0], "fov": 70.0, "aspect": 1.7777777777777777}, {"camera_to_world": [0.9646108481255024, 0.12099547104724571, -0.2342776294584144, -0.38399506991867594, -0.26359653489528256, 0.4645402515034293, -0.8454106821683356, -0.7744307356162444, 0.006540525192907917, 0.8772470864694768, 0.4799945528972336, 0.24848079906537998, 0.0, 0.0, 0.0, 1.0], "fov": 70.0, "aspect": 1.7777777777777777}, {"camera_to_world": [0.963813132625238, 0.12253784145527151, -0.23674611462621314, -0.38870672667903855, -0.2665016238068409, 0.4642715894526982, -0.8446471308986861, -0.7747860007894197, 0.006413258722549484, 0.8771752211722285, 0.48012758874491857, 0.24825498938461094, 0.0, 0.0, 0.0, 1.0], "fov": 70.0, "aspect": 1.7777777777777777}, {"camera_to_world": [0.9630089324989096, 0.12407871133159702, -0.23920340574833082, -0.39340756707803604, -0.26939629540978377, 0.4639881861817428, -0.8438842332353776, -0.7751246957131435, 0.006279486188765018, 0.8771085659586656, 0.4802511130389377, 0.24801894931558827, 0.0, 0.0, 0.0, 1.0], "fov": 70.0, "aspect": 1.7777777777777777}, {"camera_to_world": [0.9621980121179532, 0.12561836141865546, -0.2416506005594672, -0.3980971497559943, -0.27228164255034887, 0.46369011785127484, -0.8431216885700159, -0.7754462974978528, 0.006139430457555328, 0.8770470351592112, 0.48036528341679097, 0.24777275352291941, 0.0, 0.0, 0.0, 1.0], "fov": 70.0, "aspect": 1.7777777777777777}, {"camera_to_world": [0.9613801225277223, 0.12715707253508557, -0.2440887930915479, -0.4027750333532393, -0.27515875449023713, 0.46337745500163807, -0.8423591834981004, -0.7757502832539847, 0.005993315940519453, 0.8769905433358514, 0.4804702561694379, 0.24751647667121174, 0.0, 0.0, 0.0, 1.0], "fov": 70.0, "aspect": 1.7777777777777777}, {"camera_to_world": [0.9605550015599352, 0.12869512546147682, -0.24651907362443076, -0.4074407765100969, -0.2780287168476756, 0.4630502625796439, -0.8415963919438805, -0.7760361300919766, 0.005841368523539281, 0.8769390052947681, 0.4805661862911233, 0.24725019342507265, 0.0, 0.0, 0.0, 1.0], "fov": 70.0, "aspect": 1.7777777777777777}, {"camera_to_world": [0.9597223739321192, 0.13023280082741434, -0.24894252863410965, -0.4120939378668931, -0.2808926115359513, 0.4627085999622939, -0.8408329752724063, -0.7763033151222658, 0.005683815497588576, 0.876892336099239, 0.48065322752667383, 0.24697397844910954, 0.0, 0.0, 0.0, 1.0], "fov": 70.0, "aspect": 1.7777777777777777}, {"camera_to_world": [0.9588819513341237, 0.13177037899970817, -0.25136024073814145, -0.41673407606395385, -0.28375151669912074, 0.4623525209773869, -0.8400685823888447, -0.7765513154552892, 0.005520885491636818, 0.8768504510828103, 0.4807315324162333, 0.24668790640792976, 0.0, 0.0, 0.0, 1.0], "fov": 70.0, "aspect": 1.7777777777777777}, {"camera_to_world": [0.9580334325017678, 0.13330813997170235, -0.2537732886380395, -0.42136074974160476, -0.28660650664461906, 0.4619820739210066, -0.8393028498251471, -0.7767796082014844, 0.005352808407616302, 0.8768132658627665, 0.4808012523374089, 0.24639205196614067, 0.0, 0.0, 0.0, 1.0], "fov": 70.0, "aspect": 1.7777777777777777}, {"camera_to_world": [0.9571765032776932, 0.134846363253556, -0.2561827470583806, -0.425973517540172, -0.2894586517724962, 0.46159730157187934, -0.8385354018141441, -0.7769876704712884, 0.005179815357423151, 0.8767806963539112, 0.48086253754478886, 0.24608648978834974, 0.0, 0.0, 0.0, 1.0], "fov": 70.0, "aspect": 1.7777777777777777}, {"camera_to_world": [0.9563108366594969, 0.13638532776339113, -0.2585896866823682, -0.43057193809998157, -0.29230901850100366, 0.4611982412026181, -0.8377658503511536, -0.7771749793751382, 0.005002138601926109, 0.8767526587826717, 0.48091553720681873, 0.24577129453916427, 0.0, 0.0, 0.0, 1.0], "fov": 70.0, "aspect": 1.7777777777777777}, {"camera_to_world": [0.9554360928352208, 0.13792531171919709, -0.260995174083602, -0.4351555700613591, -0.2951586691882602, 0.4607849245878432, -0.836993795243185, -0.7773410120234715, 0.004820011491953435, 0.8767290697015457, 0.4809603994399949, 0.24544654088319168, 0.0, 0.0, 0.0, 1.0], "fov": 70.0, "aspect": 1.7777777777777777}, {"camera_to_world": [0.9545519192062781, 0.13946659253138644, -0.26340027165379953, -0.4397239720646307, -0.2980086620497228, 0.46035737800919974, -0.8362188241458267, -0.7774852455267252, 0.0046336684112329996, 0.8767098460038983, 0.48099727134036396, 0.24511230348503932, 0.0, 0.0, 0.0, 1.0], "fov": 70.0, "aspect": 1.7777777777777777}, {"camera_to_world": [0.9536579503978986, 0.14100944669589857, -0.26580603752623033, -0.44427670275012227, -0.3008600510712037, 0.45991562225727406, -0.8354405125879024, -0.7776071569953364, 0.004443344721258569, 0.8766949049391247, 0.4810262990122964, 0.2447686570093146, 0.0, 0.0, 0.0, 1.0], "fov": 70.0, "aspect": 1.7777777777777777}, {"camera_to_world": [0.9527538082571796, 0.14255414968774138, -0.2682135254946074, -0.4488133207581596, -0.30371388591715687, 0.45945967263042486, -0.8346584239839929, -0.7777062235397427, 0.004249276708055971, 0.8766841641281926, 0.4810476275945143, 0.24441567612062495, 0.0, 0.0, 0.0, 1.0], "fov": 70.0, "aspect": 1.7777777777777777}, {"camera_to_world": [0.9518391018388346, 0.1441009758548629, -0.2706237849271881, -0.4533333847290688, -0.30657121183396496, 0.45898953893055083, -0.8338721096349095, -0.777781922270381, 0.004051701530826929, 0.8766775415795689, 0.48106140128335856, 0.24405343548357772, 0.0, 0.0, 0.0, 1.0], "fov": 70.0, "aspect": 1.7777777777777777}, {"camera_to_world": [0.9509134273787274, 0.1456501983122524, -0.273037860675847, -0.45783645330317546, -0.30943306954797045, 0.4585052254558071, -0.8330811087162164, -0.7778337302976885, 0.0038508571724424345, 0.876674955705546, 0.4810677633532685, 0.24368200976278026, 0.0, 0.0, 0.0, 1.0], "fov": 70.0, "aspect": 1.7777777777777777}, {"camera_to_world": [0.9499763682552955, 0.1472020888361571, -0.2754567929798635, -0.46232208512080586, -0.31230049515797026, 0.45800673099029654, -0.8322849482549043, -0.7778611247321028, 0.0036469823917632815, 0.8766763253389783, 0.4810668561744614, 0.24330147362283996, 0.0, 0.0, 0.0, 1.0], "fov": 70.0, "aspect": 1.7777777777777777}, {"camera_to_world": [0.9490274949389581, 0.14875691775831146, -0.2778816173641808, -0.46678983882228564, -0.3151745200219122, 0.4574940487907669, -0.8314831430943076, -0.7778635826840605, 0.0034403166777635663, 0.8766815697504303, 0.4810588212277978, 0.24291190172836422, 0.0, 0.0, 0.0, 1.0], "fov": 70.0, "aspect": 1.7777777777777777}, {"camera_to_world": [0.9480663649296169, 0.1503149538600677, -0.2803133645318896, -0.471239273047941, -0.31805617063752245, 0.45696716657032893, -0.8306751958473785, -0.7778405812639994, 0.0032311002054319637, 0.8766906086657545, 0.4810437991168075, 0.24251336874396046, 0.0, 0.0, 0.0, 1.0], "fov": 70.0, "aspect": 1.7777777777777777}, {"camera_to_world": [0.9470925226823588, 0.15187646426632306, -0.2827530602506825, -0.47566994643809757, -0.3209464685165921, 0.4564260664792409, -0.8298605968384184, -0.7777915975823563, 0.003019573793427266, 0.8767033622841013, 0.481021929576873, 0.242105949334236, 0.0, 0.0, 0.0, 1.0], "fov": 70.0, "aspect": 1.7777777777777777}, {"camera_to_world": [0.9461054995214713, 0.1534417143391304, -0.285201725233029, -0.4800814176330814, -0.32384643005264896, 0.4558707250827892, -0.8290388240333783, -0.7777161087495685, 0.0028059788634651195, 0.8767197512963653, 0.4809933514815533, 0.24168971816379825, 0.0, 0.0, 0.0, 1.0], "fov": 70.0, "aspect": 1.7777777777777777}, {"camera_to_world": [0.945104813542894, 0.15501096757088545, -0.28766037500981867, -0.4844732452732183, -0.32675706638174123, 0.45530111333629764, -0.8282093429588476, -0.7776135918760734, 0.0025905574014090382, 0.8767396969040843, 0.48095820284603136, 0.24126474989725458, 0.0, 0.0, 0.0, 1.0], "fov": 70.0, "aspect": 1.7777777777777777}, {"camera_to_world": [0.9440899695052255, 0.15658448547697862, -0.29013001979721487, -0.4888449879988343, -0.3296793832360545, 0.4547171965573139, -0.8273716066098424, -0.7774835240723081, 0.0023735519200441813, 0.8767631208387856, 0.48091662082768133, 0.24083111919921238, 0.0, 0.0, 0.0, 1.0], "fov": 70.0, "aspect": 1.7777777777777777}, {"camera_to_world": [0.9430604587094178, 0.15816252748779758, -0.29261166435645425, -0.49319620445025525, -0.33261438079007505, 0.45411893439501344, -0.8265250553465228, -0.7773253824487097, 0.0021552054235065565, 0.8767899453817939, 0.4808687417237404, 0.24038890073427907, 0.0, 0.0, 0.0, 1.0], "fov": 70.0, "aspect": 1.7777777777777777}, {"camera_to_world": [0.9420157588672875, 0.1597453508399755, -0.29510630784634484, -0.49752645326780714, -0.33556305349903165, 0.45350628079686706, -0.82566911677996, -0.7771386441157156, 0.0019357613733437806, 0.8768200933845017, 0.48081470096607815, 0.23993816916706198, 0.0, 0.0, 0.0, 1.0], "fov": 70.0, "aspect": 1.7777777777777777}, {"camera_to_world": [0.9409553339589907, 0.16133321046676055, -0.2976149436681771, -0.5018352930918157, -0.33852638992930617, 0.4528791839726217, -0.8248032056470944, -0.7769227861837631, 0.0017154636561802772, 0.8768534882891097, 0.4807546331130509, 0.23947899916216855, 0.0, 0.0, 0.0, 1.0], "fov": 70.0, "aspect": 1.7777777777777777}, {"camera_to_world": [0.9398786340796011, 0.16292635888740126, -0.3001385593027943, -0.5061222825626069, -0.3415053725805397, 0.45223758635565187, -0.823926723675013, -0.776677285763289, 0.0014945565529625449, 0.8768900541498392, 0.48068867183843844, 0.2390114653842061, 0.0, 0.0, 0.0, 1.0], "fov": 70.0, "aspect": 1.7777777777777777}, {"camera_to_world": [0.9387850952749479, 0.16452504609542698, -0.30267813613953776, -0.5103869803205069, -0.3445009776991277, 0.4515814245617356, -0.8230390594346896, -0.7764016199647308, 0.0012732847097542133, 0.8769297156546191, 0.48061694991745435, 0.23853564249778203, 0.0, 0.0, 0.0, 1.0], "fov": 70.0, "aspect": 1.7777777777777777}, {"camera_to_world": [0.9376741393668708, 0.1661295194457068, -0.3052346492967939, -0.5146289450058414, -0.3475141750828062, 0.4509106293453109, -0.8221395881843501, -0.7760952658985257, 0.0010518931100552964, 0.876972398147259, 0.4805395992098162, 0.23805160516750376, 0.0, 0.0, 0.0, 1.0], "fov": 70.0, "aspect": 1.7777777777777777}, {"camera_to_world": [0.9365451737680579, 0.16774002354017023, -0.3078090674338582, -0.5188477352589361, -0.35054592787602656, 0.45022512555328553, -0.8212276717025941, -0.7757577006751109, 0.0008306270486161949, 0.8770180276500998, 0.48045675063988297, 0.2375594280579787, 0.0, 0.0, 0.0, 1.0], "fov": 70.0, "aspect": 1.7777777777777777}, {"camera_to_world": [0.935397591286641, 0.1693568001120686, -0.310402352553828, -0.5230429097201175, -0.35359719235580495, 0.44952483207645755, -0.8203026581114586, -0.7753884014049235, 0.0006097321067160821, 0.8770665308871578, 0.48036853417384084, 0.2370591858338141, 0.0, 0.0, 0.0, 1.0], "fov": 70.0, "aspect": 1.7777777777777777}, {"camera_to_world": [0.9342307699207302, 0.17098008790865427, -0.31301545979722545, -0.5272140270297109, -0.3566689177077267, 0.4488096617986225, -0.8193638816895733, -0.7749868451984009, 0.0003894541288736453, 0.877117835307751, 0.4802750787939413, 0.23655095315961744, 0.0, 0.0, 0.0, 1.0], "fov": 70.0, "aspect": 1.7777777777777777}, {"camera_to_world": [0.9330440726430724, 0.1726101225721599, -0.3156493372260629, -0.5313606458280425, -0.35976204579179694, 0.4480795215434384, -0.8184106626755937, -0.7745525091659802, 0.00017003920096092529, 0.8771718691106251, 0.48017651246978216, 0.23603480469999613, 0.0, 0.0, 0.0, 1.0], "fov": 70.0, "aspect": 1.7777777777777777}, {"camera_to_world": [0.9318368471760394, 0.1742471365189461, -0.3183049255980283, -0.5354823247554382, -0.3628775108977905, 0.4473343120191294, -0.8174423070620923, -0.7740848704180985, -4.82663703165187e-05, 0.877228561268567, 0.4800729621266308, 0.23551081511955752, 0.0, 0.0, 0.0, 1.0], "fov": 70.0, "aspect": 1.7777777777777777}, {"camera_to_world": [0.9306084257571438, 0.1758913588166997, -0.32098315813049394, -0.5395786224522239, -0.3660162394897847, 0.4465739277611061, -0.8164581063800977, -0.7735834060651932, -0.0002652160766060674, 0.8772878415535197, 0.4799645536107842, 0.23497905908290898, 0.0, 0.0, 0.0, 1.0], "fov": 70.0, "aspect": 1.7777777777777777}, {"camera_to_world": [0.9293581248953056, 0.17754301505954798, -0.32368496025402016, -0.5436490975587256, -0.3691791499395213, 0.4457982570725905, -0.815457337474483, -0.7730475932177014, -0.0004805632257981196, 0.8773496405621909, 0.47985141165196166, 0.2344396112546579, 0.0, 0.0, 0.0, 1.0], "fov": 70.0, "aspect": 1.7777777777777777}, {"camera_to_world": [0.9280852451180908, 0.17920232724096558, -0.3264112493550355, -0.547693308715269, -0.37236715224826017, 0.4450071819633327, -0.814439262270413, -0.7724769089860606, -0.0006940609586580104, 0.8774138897421645, 0.47973365982272964, 0.2338925462994116, 0.0, 0.0, 0.0, 1.0], "fov": 70.0, "aspect": 1.7777777777777777}, {"camera_to_world": [0.92678907071016, 0.18086951362433873, -0.32916293450735457, -0.5517108145621801, -0.37558114775676094, 0.44420057808651664, -0.8134031275310654, -0.7718708304807076, -0.0009054622642386545, 0.8774805214185097, 0.4796114204949549, 0.23333793888177762, 0.0, 0.0, 0.0, 1.0], "fov": 70.0, "aspect": 1.7777777777777777}, {"camera_to_world": [0.9254688694431737, 0.18254478861105844, -0.3319409161922008, -0.555701173739785, -0.3788220288430391, 0.4433783146739501, -0.8123481646068581, -0.7712288348120798, -0.0011145199941154094, 0.877549468820893, 0.47948481479328525, 0.2327758636663632, 0.0, 0.0, 0.0, 1.0], "fov": 70.0, "aspect": 1.7777777777777777}, {"camera_to_world": [0.9241238922974122, 0.1842283626060037, -0.3347460860063814, -0.5596639448884093, -0.38209067860752066, 0.44254025446963735, -0.8112735891764215, -0.7705503990906145, -0.0013209868754887055, 0.8776206661111962, 0.4793539625456489, 0.23220639531777582, 0.0, 0.0, 0.0, 1.0], "fov": 70.0, "aspect": 1.7777777777777777}, {"camera_to_world": [0.9227533731753779, 0.18592044188028536, -0.33757932635826693, -0.5635986866483792, -0.38538797054522644, 0.4416862536618529, -0.8101786009795551, -0.7698350004267487, -0.001524615523195355, 0.87769404841163, 0.47921898223078524, 0.23162960850062278, 0.0, 0.0, 0.0, 1.0], "fov": 70.0, "aspect": 1.7777777777777777}, {"camera_to_world": [0.9213565286076664, 0.1876212284311054, -0.34044151015120544, -0.5675049576600204, -0.38871476820459294, 0.440816161813814, -0.8090623835424475, -0.7690821159309198, -0.001725158450679276, 0.8777695518333613, 0.4790799909227892, 0.23104557787951147, 0.0, 0.0, 0.0, 1.0], "fov": 70.0, "aspect": 1.7777777777777777}, {"camera_to_world": [0.9199325574513966, 0.18933091983859937, -0.3433335004540088, -0.5713823165636589, -0.3920719248325466, 0.4399298217930751, -0.8079241038954188, -0.7682912227135649, -0.0019223680799709264, 0.8778471135056396, 0.47893710423267694, 0.23045437811904934, 0.0, 0.0, 0.0, 1.0], "fov": 70.0, "aspect": 1.7777777777777777}, {"camera_to_world": [0.9184806405815092, 0.19104970911951635, -0.3462561501581285, -0.5752303219996205, -0.39546028300542546, 0.43902706969976785, -0.8067629122834687, -0.7674617978851213, -0.0021159967507246857, 0.877926671605427, 0.47879043624697387, 0.2298560838838438, 0.0, 0.0, 0.0, 1.0], "fov": 70.0, "aspect": 1.7777777777777777}, {"camera_to_world": [0.9169999405752599, 0.19277778457759498, -0.3492103016211352, -0.5790485326082313, -0.39888067424534024, 0.43810773479380394, -0.8055779418699502, -0.7665933185560261, -0.0023057967283709735, 0.8780081653875416, 0.478640099463314, 0.2292507698385021, 0.0, 0.0, 0.0, 1.0], "fov": 70.0, "aspect": 1.7777777777777777}, {"camera_to_world": [0.9154896013902349, 0.19451532965049362, -0.3521967862961112, -0.5828365070298172, -0.4023339186215659, 0.437171639421184, -0.8043683084336487, -0.7656852618367165, -0.0024915202114378088, 0.8780915352152953, 0.47848620472306397, 0.22863851064763172, 0.0, 0.0, 0.0, 1.0], "fov": 70.0, "aspect": 1.7777777777777777}, {"camera_to_world": [0.9139487480362536, 0.19626252275312167, -0.35521642434654543, -0.586593803904704, -0.40582082433652494, 0.4362185989395364, -0.8031331100596285, -0.76473710483763, -0.0026729193381013483, 0.878176722591648, 0.47832886114095574, 0.22801938097584004, 0.0, 0.0, 0.0, 1.0], "fov": 70.0, "aspect": 1.7777777777777777}, {"camera_to_world": [0.9123764862415111, 0.19801953711723724, -0.3582700242463338, -0.5903199818732175, -0.40934218729595234, 0.43524842164303656, -0.8018714268241578, -0.7637483246692034, -0.0028497461920291567, 0.8782636701908604, 0.4781681760317394, 0.22739345548773437, 0.0, 0.0, 0.0, 1.0], "fov": 70.0, "aspect": 1.7777777777777777}, {"camera_to_world": [0.9107719021133613, 0.1997865406271443, -0.36135838236444445, -0.5940145995756839, -0.4128987906627719, 0.43426090868685696, -0.8005823204740945, -0.7627183984418743, -0.003021752807574829, 0.8783523218906544, 0.4780042548338521, 0.2267608088479222, 0.0, 0.0, 0.0, 1.0], "fov": 70.0, "aspect": 1.7777777777777777}, {"camera_to_world": [0.9091340617941258, 0.20156369565135837, -0.36448228253384446, -0.597677215652429, -0.41649140439426713, 0.43325585401129174, -0.7992648341010865, -0.7616468032660796, -0.003188691174399183, 0.8784426228048777, 0.4778372010301013, 0.22612151572101086, 0.0, 0.0, 0.0, 1.0], "fov": 70.0, "aspect": 1.7777777777777777}, {"camera_to_world": [0.9074620111123641, 0.20335115887006971, -0.36764249560422574, -0.6013073887437785, -0.42012078476205716, 0.43223304426572695, -0.7979179918109975, -0.7605330162522568, -0.003350313241581526, 0.8785345193166751, 0.4776671160653636, 0.22547565077160767, 0.0, 0.0, 0.0, 1.0], "fov": 70.0, "aspect": 1.7777777777777777}, {"camera_to_world": [0.9057547752300301, 0.20514908109826707, -0.3708397789781111, -0.6049046774900588, -0.4237876738544432, 0.43119225873261596, -0.7965407983889495, -0.7593765145108426, -0.0035063709212971306, 0.8786279591121612, 0.47749409926130065, 0.22482328866432014, 0.0, 0.0, 0.0, 1.0], "fov": 70.0, "aspect": 1.7777777777777777}, {"camera_to_world": [0.9040113582859821, 0.20695760710435435, -0.3740748761298643, -0.6084686405315953, -0.4274927990606255, 0.43013326925163464, -0.7951322389604212, -0.758176775152275, -0.003656616092137688, 0.878722891214597, 0.47731824772808995, 0.22416450406375557, 0.0, 0.0, 0.0, 1.0], "fov": 70.0, "aspect": 1.7777777777777777}, {"camera_to_world": [0.902230743036318, 0.2087768754241161, -0.3773485161071613, -0.6119988365087142, -0.4312368725363314, 0.4290558401441995, -0.7936912786488453, -0.7569332752869905, -0.0038008006021522656, 0.8788192660190708, 0.4771396562731759, 0.22349937163452135, 0.0, 0.0, 0.0, 1.0], "fov": 70.0, "aspect": 1.7777777777777777}, {"camera_to_world": [0.9004118904920418, 0.210607018169861, -0.38066141301443607, -0.6154948240617413, -0.4350205906503439, 0.4279597281385321, -0.7922168622301724, -0.7556454920254267, -0.003938676271692587, 0.8789170353276774, 0.4769584173070366, 0.2228279660412249, 0.0, 0.0, 0.0, 1.0], "fov": 70.0, "aspect": 1.7777777777777777}, {"camera_to_world": [0.8985537395545744, 0.21244816083460283, -0.3840142654778399, -0.6189561618310024, -0.4388446334114563, 0.4268446822954622, -0.7907079137848882, -0.7543129024780206, -0.00406999489615148, 0.8790161523851996, 0.4767746207459712, 0.22215036194847357, 0.0, 0.0, 0.0, 1.0], "fov": 70.0, "aspect": 1.7777777777777777}, {"camera_to_world": [0.89665520664966, 0.2143004220911027, -0.3874077560912154, -0.6223824084568237, -0.4427096638753295, 0.4257104439351772, -0.7891633363480003, -0.7529349837552097, -0.004194508248677231, 0.879116571915289, 0.4765883539119081, 0.22146663402087477, 0.0, 0.0, 0.0, 1.0], "fov": 70.0, "aspect": 1.7777777777777777}, {"camera_to_world": [0.8947151853602313, 0.21616391358562811, -0.39084255084260233, -0.625773122579531, -0.44661632753075486, 0.42455674656511944, -0.7875820115575156, -0.7515112129674308, -0.004311968082966439, 0.8792182501571417, 0.4763997014292362, 0.22077685692303586, 0.0, 0.0, 0.0, 1.0], "fov": 70.0, "aspect": 1.7777777777777777}, {"camera_to_world": [0.8927325460588272, 0.21803873972625967, -0.3943192985207652, -0.6291278628394502, -0.4505652516647941, 0.42338331580925864, -0.7859627993019759, -0.7500410672251215, -0.004422126136223586, 0.8793211449026695, 0.47620874511866473, 0.22008110531956424, 0.0, 0.0, 0.0, 1.0], "fov": 70.0, "aspect": 1.7777777777777777}, {"